,0,1,2,3,4,5,6,7,8,9,10,11,12,13,14,15,16,17,18,19,20,21,22,23,24,25,26,27,28,29,30,31,32,33,34,35,36,37,38,39,40,41,42,43,44,45,46,47,48,49,50,51,52,53,54,55,56,57,58,59,60,61,62,63,64,65,66,67,68,69,70,71,72,73,74,75,76,77,78,79,80,81,82,83,84,85,86,87,88,89,90,91,92,93,94,95,96,97,98,99,100,101,102,103,104,105,106,107,108,109,110,111,112,113,114,115,116,117,118,119,120,121,122,123,124,125,126,127,128,129,130,131,132,133,134,135,136,137,138,139,140,141,142,143,144,145,146,147,148,149,150,151,152,153,154,155,156,157,158,159,160,161,162,163,164,165,166,167,168,169,170,171,172,173,174,175,176,177,178,179,180,181,182,183,184,185,186,187,188,189,190,191,192,193,194,195,196,197,198,199,200,201,202,203,204,205,206,207,208,209,210,211,212,213,214,215,216,217,218,219,220,221,222,223,224,225,226,227,228,229,230,231,232,233,234,235,236,237,238,239,240,241,242,243,244,245,246,247,248,249,250,251,252,253,254,255,256,257,258,259,260,261,262,263,264,265,266,267,268,269,270,271,272,273,274,275,276,277,278,279,280,281,282,283,284,285,286,287,288,289,290,291,292,293,294,295,296,297,298,299,300,301,302,303,304,305,306,307,308,309,310,311,312,313,314,315,316,317,318,319,320,321,322,323,324,325,326,327,328,329,330,331,332,333,334,335,336,337,338,339,340,341,342,343,344,345,346,347,348,349,350,351,352,353,354,355,356,357,358,359,360,361,362,363,364,365,366,367,368,369,370,371,372,373,374,375,376,377,378,379,380,381,382,383,384,385,386,387,388,389,390,391,392,393,394,395,396,397,398,399,400,401,402,403,404,405,406,407,408,409,410,411,412,413,414,415,416,417,418,419,420,421,422,423,424,425,426,427,428,429,430,431,432,433,434,435,436,437,438,439,440,441,442,443,444,445,446,447,448,449,450,451,452,453,454,455,456,457,458,459,460,461,462,463,464,465,466,467,468,469,470,471,472,473,474,475,476,477,478,479,480,481,482,483,484,485,486,487,488,489,490,491,492,493,494,495,496,497,498,499,500,501,502,503,504,505,506,507,508,509,510,511,512,513,514,515,516,517,518,519,520,521,522,523,524,525,526,527,528,529,530,531,532,533,534,535,536,537,538,539,540,541,542,543,544,545,546,547,548,549,550,551,552,553,554,555,556,557,558,559,560,561,562,563,564,565,566,567,568,569,570,571,572,573,574,575,576,577,578,579,580,581,582,583,584,585,586,587,588,589,590,591,592,593,594,595,596,597,598,599,600,601,602,603,604,605,606,607,608,609,610,611,612,613,614,615,616,617,618,619,620,621,622,623,624,625,626,627,628,629,630,631,632,633,634,635,636,637,638,639,640,641,642,643,644,645,646,647,648,649,650,651,652,653,654,655,656,657,658,659,660,661,662,663,664,665,666,667,668,669,670,671,672,673,674,675,676,677,678,679,680,681,682,683,684,685,686,687,688,689,690,691,692,693,694,695,696,697,698,699,700,701,702,703,704,705,706,707,708,709,710,711,712,713,714,715,716,717,718,719,720,721,722,723,724,725,726,727,728,729,730,731,732,733,734,735,736,737,738,739,740,741,742,743,744,745,746,747,748,749,750,751,752,753,754,755,756,757,758,759,760,761,762,763,764,765,766,767,768,769,770,771,772,773,774,775,776,777,778,779,780,781,782,783,784,785,786,787,788,789,790,791,792,793,794,795,796,797,798,799
Time,0.0125,0.025,0.0375,0.05,0.0625,0.075,0.0875,0.1,0.1125,0.125,0.1375,0.15,0.1625,0.175,0.1875,0.2,0.2125,0.225,0.2375,0.25,0.2625,0.275,0.2875,0.3,0.3125,0.325,0.3375,0.35,0.3625,0.375,0.3875,0.4,0.4125,0.425,0.4375,0.45,0.4625,0.475,0.4875,0.5,0.5125,0.525,0.5375,0.55,0.5625,0.575,0.5875,0.6,0.6125,0.625,0.6375,0.65,0.6625,0.675,0.6875,0.7,0.7125,0.725,0.7375,0.75,0.7625,0.775,0.7875,0.8,0.8125,0.825,0.8375,0.85,0.8625,0.875,0.8875,0.9,0.9125,0.925,0.9375,0.95,0.9625,0.975,0.9875,1.0,1.0125,1.025,1.0375,1.05,1.0625,1.075,1.0875,1.1,1.1125,1.125,1.1375,1.15,1.1625,1.175,1.1875,1.2,1.2125,1.225,1.2375,1.25,1.2625,1.275,1.2875,1.3,1.3125,1.325,1.3375,1.35,1.3625,1.375,1.3875,1.4,1.4125,1.425,1.4375,1.45,1.4625,1.475,1.4875,1.5,1.5125,1.525,1.5375,1.55,1.5625,1.575,1.5875,1.6,1.6125,1.625,1.6375,1.65,1.6625,1.675,1.6875,1.7,1.7125,1.725,1.7375,1.75,1.7625,1.775,1.7875,1.8,1.8125,1.825,1.8375,1.85,1.8625,1.875,1.8875,1.9,1.9125,1.925,1.9375,1.95,1.9625,1.975,1.9875,2.0,2.0125,2.025,2.0375,2.05,2.0625,2.075,2.0875,2.1,2.1125,2.125,2.1375,2.15,2.1625,2.175,2.1875,2.2,2.2125,2.225,2.2375,2.25,2.2625,2.275,2.2875,2.3,2.3125,2.325,2.3375,2.35,2.3625,2.375,2.3875,2.4,2.4125,2.425,2.4375,2.45,2.4625,2.475,2.4875,2.5,2.5125,2.525,2.5375,2.55,2.5625,2.575,2.5875,2.6,2.6125,2.625,2.6375,2.65,2.6625,2.675,2.6875,2.7,2.7125,2.725,2.7375,2.75,2.7625,2.775,2.7875,2.8,2.8125,2.825,2.8375,2.85,2.8625,2.875,2.8875,2.9,2.9125,2.925,2.9375,2.95,2.9625,2.975,2.9875,3.0,3.0125,3.025,3.0375,3.05,3.0625,3.075,3.0875,3.1,3.1125,3.125,3.1375,3.15,3.1625,3.175,3.1875,3.2,3.2125,3.225,3.2375,3.25,3.2625,3.275,3.2875,3.3,3.3125,3.325,3.3375,3.35,3.3625,3.375,3.3875,3.4,3.4125,3.425,3.4375,3.45,3.4625,3.475,3.4875,3.5,3.5125,3.525,3.5375,3.55,3.5625,3.575,3.5875,3.6,3.6125,3.625,3.6375,3.65,3.6625,3.675,3.6875,3.7,3.7125,3.725,3.7375,3.75,3.7625,3.775,3.7875,3.8,3.8125,3.825,3.8375,3.85,3.8625,3.875,3.8875,3.9,3.9125,3.925,3.9375,3.95,3.9625,3.975,3.9875,4.0,4.0125,4.025,4.0375,4.05,4.0625,4.075,4.0875,4.1,4.1125,4.125,4.1375,4.15,4.1625,4.175,4.1875,4.2,4.2125,4.225,4.2375,4.25,4.2625,4.275,4.2875,4.3,4.3125,4.325,4.3375,4.35,4.3625,4.375,4.3875,4.4,4.4125,4.425,4.4375,4.45,4.4625,4.475,4.4875,4.5,4.5125,4.525,4.5375,4.55,4.5625,4.575,4.5875,4.6,4.6125,4.625,4.6375,4.65,4.6625,4.675,4.6875,4.7,4.7125,4.725,4.7375,4.75,4.7625,4.775,4.7875,4.8,4.8125,4.825,4.8375,4.85,4.8625,4.875,4.8875,4.9,4.9125,4.925,4.9375,4.95,4.9625,4.975,4.9875,5.0,5.0125,5.025,5.0375,5.05,5.0625,5.075,5.0875,5.1,5.1125,5.125,5.1375,5.15,5.1625,5.175,5.1875,5.2,5.2125,5.225,5.2375,5.25,5.2625,5.275,5.2875,5.3,5.3125,5.325,5.3375,5.35,5.3625,5.375,5.3875,5.4,5.4125,5.425,5.4375,5.45,5.4625,5.475,5.4875,5.5,5.5125,5.525,5.5375,5.55,5.5625,5.575,5.5875,5.6,5.6125,5.625,5.6375,5.65,5.6625,5.675,5.6875,5.7,5.7125,5.725,5.7375,5.75,5.7625,5.775,5.7875,5.8,5.8125,5.825,5.8375,5.85,5.8625,5.875,5.8875,5.9,5.9125,5.925,5.9375,5.95,5.9625,5.975,5.9875,6.0,6.0125,6.025,6.0375,6.05,6.0625,6.075,6.0875,6.1,6.1125,6.125,6.1375,6.15,6.1625,6.175,6.1875,6.2,6.2125,6.225,6.2375,6.25,6.2625,6.275,6.2875,6.3,6.3125,6.325,6.3375,6.35,6.3625,6.375,6.3875,6.4,6.4125,6.425,6.4375,6.45,6.4625,6.475,6.4875,6.5,6.5125,6.525,6.5375,6.55,6.5625,6.575,6.5875,6.6,6.6125,6.625,6.6375,6.65,6.6625,6.675,6.6875,6.7,6.7125,6.725,6.7375,6.75,6.7625,6.775,6.7875,6.8,6.8125,6.825,6.8375,6.85,6.8625,6.875,6.8875,6.9,6.9125,6.925,6.9375,6.95,6.9625,6.975,6.9875,7.0,7.0125,7.025,7.0375,7.05,7.0625,7.075,7.0875,7.1,7.1125,7.125,7.1375,7.15,7.1625,7.175,7.1875,7.2,7.2125,7.225,7.2375,7.25,7.2625,7.275,7.2875,7.3,7.3125,7.325,7.3375,7.35,7.3625,7.375,7.3875,7.4,7.4125,7.425,7.4375,7.45,7.4625,7.475,7.4875,7.5,7.5125,7.525,7.5375,7.55,7.5625,7.575,7.5875,7.6,7.6125,7.625,7.6375,7.65,7.6625,7.675,7.6875,7.7,7.7125,7.725,7.7375,7.75,7.7625,7.775,7.7875,7.8,7.8125,7.825,7.8375,7.85,7.8625,7.875,7.8875,7.9,7.9125,7.925,7.9375,7.95,7.9625,7.975,7.9875,8.0,8.0125,8.025,8.0375,8.05,8.0625,8.075,8.0875,8.1,8.1125,8.125,8.1375,8.15,8.1625,8.175,8.1875,8.2,8.2125,8.225,8.2375,8.25,8.2625,8.275,8.2875,8.3,8.3125,8.325,8.3375,8.35,8.3625,8.375,8.3875,8.4,8.4125,8.425,8.4375,8.45,8.4625,8.475,8.4875,8.5,8.5125,8.525,8.5375,8.55,8.5625,8.575,8.5875,8.6,8.6125,8.625,8.6375,8.65,8.6625,8.675,8.6875,8.7,8.7125,8.725,8.7375,8.75,8.7625,8.775,8.7875,8.8,8.8125,8.825,8.8375,8.85,8.8625,8.875,8.8875,8.9,8.9125,8.925,8.9375,8.95,8.9625,8.975,8.9875,9.0,9.0125,9.025,9.0375,9.05,9.0625,9.075,9.0875,9.1,9.1125,9.125,9.1375,9.15,9.1625,9.175,9.1875,9.2,9.2125,9.225,9.2375,9.25,9.2625,9.275,9.2875,9.3,9.3125,9.325,9.3375,9.35,9.3625,9.375,9.3875,9.4,9.4125,9.425,9.4375,9.45,9.4625,9.475,9.4875,9.5,9.5125,9.525,9.5375,9.55,9.5625,9.575,9.5875,9.6,9.6125,9.625,9.6375,9.65,9.6625,9.675,9.6875,9.7,9.7125,9.725,9.7375,9.75,9.7625,9.775,9.7875,9.8,9.8125,9.825,9.8375,9.85,9.8625,9.875,9.8875,9.9,9.9125,9.925,9.9375,9.95,9.9625,9.975,9.9875,10.0
WindSpeedHub,0.238,0.238,0.238,0.2379,0.2379,0.2378,0.2378,0.2377,0.2376,0.2376,0.2375,0.2374,0.2373,0.2373,0.2372,0.2372,0.2372,0.2372,0.2372,0.2372,0.2372,0.2373,0.2373,0.2374,0.2375,0.2376,0.2376,0.2377,0.2378,0.2379,0.2379,0.238,0.238,0.238,0.238,0.238,0.238,0.2379,0.2379,0.2378,0.2378,0.2377,0.2376,0.2376,0.2375,0.2375,0.2374,0.2374,0.2374,0.2374,0.2375,0.2375,0.2376,0.2377,0.2377,0.2378,0.238,0.2381,0.2382,0.2383,0.2384,0.2385,0.2386,0.2387,0.2388,0.2389,0.2389,0.239,0.239,0.239,0.239,0.239,0.239,0.239,0.239,0.239,0.239,0.239,0.239,0.239,0.239,0.2391,0.2391,0.2392,0.2393,0.2394,0.2395,0.2396,0.2396,0.2397,0.2398,0.2399,0.24,0.2401,0.2402,0.2402,0.2403,0.2403,0.2403,0.2403,0.2403,0.2403,0.2403,0.2402,0.2402,0.2401,0.2401,0.2401,0.24,0.24,0.2399,0.2399,0.2399,0.2399,0.2399,0.2399,0.2399,0.2399,0.2399,0.2399,0.2399,0.2399,0.24,0.24,0.24,0.2399,0.2399,0.2399,0.2398,0.2398,0.2397,0.2396,0.2396,0.2395,0.2394,0.2393,0.2392,0.2391,0.239,0.2388,0.2387,0.2387,0.2386,0.2385,0.2384,0.2383,0.2383,0.2382,0.2382,0.2381,0.2381,0.2381,0.238,0.238,0.2379,0.2379,0.2378,0.2378,0.2377,0.2377,0.2376,0.2375,0.2374,0.2373,0.2372,0.2372,0.2371,0.237,0.2369,0.2368,0.2367,0.2366,0.2365,0.2364,0.2364,0.2363,0.2363,0.2362,0.2362,0.2362,0.2362,0.2362,0.2361,0.2361,0.2362,0.2362,0.2362,0.2362,0.2362,0.2362,0.2362,0.2362,0.2362,0.2362,0.2362,0.2361,0.2361,0.2361,0.2361,0.2361,0.2361,0.2361,0.2361,0.2361,0.2361,0.2361,0.2361,0.2362,0.2362,0.2363,0.2363,0.2364,0.2365,0.2365,0.2366,0.2367,0.2368,0.2369,0.237,0.2371,0.2372,0.2372,0.2373,0.2374,0.2375,0.2375,0.2376,0.2377,0.2377,0.2378,0.2379,0.2379,0.238,0.2381,0.2381,0.2382,0.2383,0.2384,0.2385,0.2385,0.2386,0.2387,0.2388,0.2389,0.2391,0.2392,0.2393,0.2394,0.2395,0.2396,0.2397,0.2398,0.2399,0.24,0.2401,0.2402,0.2403,0.2403,0.2404,0.2405,0.2405,0.2406,0.2407,0.2407,0.2408,0.2408,0.2409,0.2409,0.241,0.2411,0.2411,0.2412,0.2412,0.2413,0.2414,0.2414,0.2415,0.2416,0.2416,0.2417,0.2418,0.2418,0.2419,0.2419,0.2419,0.242,0.242,0.242,0.242,0.2421,0.2421,0.2421,0.2421,0.2421,0.2421,0.2421,0.2421,0.2421,0.242,0.242,0.242,0.242,0.242,0.242,0.242,0.242,0.242,0.242,0.242,0.242,0.242,0.242,0.242,0.2419,0.2419,0.2419,0.2419,0.2419,0.2418,0.2418,0.2417,0.2417,0.2417,0.2416,0.2416,0.2415,0.2414,0.2414,0.2413,0.2413,0.2412,0.2412,0.2411,0.2411,0.2411,0.241,0.241,0.2409,0.2409,0.2409,0.2408,0.2408,0.2408,0.2407,0.2407,0.2406,0.2406,0.2406,0.2405,0.2405,0.2404,0.2404,0.2404,0.2403,0.2403,0.2402,0.2402,0.2401,0.2401,0.24,0.24,0.24,0.2399,0.2399,0.2399,0.2398,0.2398,0.2398,0.2398,0.2398,0.2398,0.2398,0.2398,0.2398,0.2398,0.2398,0.2398,0.2398,0.2398,0.2398,0.2398,0.2398,0.2398,0.2398,0.2398,0.2398,0.2398,0.2398,0.2398,0.2398,0.2398,0.2398,0.2398,0.2398,0.2399,0.2399,0.2399,0.2399,0.24,0.24,0.24,0.2401,0.2401,0.2402,0.2402,0.2403,0.2403,0.2403,0.2404,0.2404,0.2405,0.2405,0.2406,0.2406,0.2406,0.2407,0.2407,0.2408,0.2408,0.2408,0.2409,0.2409,0.241,0.241,0.241,0.2411,0.2411,0.2412,0.2412,0.2413,0.2413,0.2413,0.2414,0.2414,0.2415,0.2415,0.2416,0.2416,0.2417,0.2417,0.2418,0.2418,0.2418,0.2419,0.2419,0.2419,0.242,0.242,0.242,0.242,0.2421,0.2421,0.2421,0.2421,0.2421,0.2421,0.2422,0.2422,0.2422,0.2422,0.2422,0.2422,0.2423,0.2423,0.2423,0.2423,0.2423,0.2423,0.2423,0.2423,0.2423,0.2423,0.2423,0.2423,0.2423,0.2423,0.2423,0.2423,0.2423,0.2423,0.2422,0.2422,0.2422,0.2422,0.2422,0.2421,0.2421,0.2421,0.2421,0.242,0.242,0.242,0.242,0.2419,0.2419,0.2419,0.2419,0.2419,0.2418,0.2418,0.2418,0.2418,0.2417,0.2417,0.2417,0.2416,0.2416,0.2416,0.2415,0.2415,0.2415,0.2414,0.2414,0.2414,0.2413,0.2413,0.2413,0.2412,0.2412,0.2412,0.2411,0.2411,0.2411,0.2411,0.241,0.241,0.241,0.241,0.241,0.241,0.241,0.241,0.241,0.2409,0.2409,0.2409,0.2409,0.2409,0.2409,0.2409,0.2409,0.2409,0.2409,0.2409,0.2409,0.2409,0.2409,0.2409,0.2409,0.241,0.241,0.241,0.241,0.241,0.2411,0.2411,0.2411,0.2411,0.2412,0.2412,0.2412,0.2413,0.2413,0.2414,0.2414,0.2415,0.2415,0.2415,0.2416,0.2416,0.2417,0.2417,0.2418,0.2418,0.2419,0.2419,0.242,0.242,0.2421,0.2421,0.2422,0.2422,0.2423,0.2423,0.2424,0.2425,0.2425,0.2426,0.2426,0.2427,0.2428,0.2428,0.2429,0.243,0.243,0.2431,0.2432,0.2432,0.2433,0.2433,0.2434,0.2435,0.2435,0.2436,0.2436,0.2437,0.2437,0.2438,0.2438,0.2439,0.2439,0.2439,0.244,0.244,0.2441,0.2441,0.2442,0.2442,0.2443,0.2443,0.2443,0.2444,0.2444,0.2444,0.2445,0.2445,0.2445,0.2446,0.2446,0.2446,0.2446,0.2447,0.2447,0.2447,0.2447,0.2447,0.2447,0.2447,0.2447,0.2447,0.2447,0.2447,0.2447,0.2447,0.2447,0.2447,0.2447,0.2447,0.2447,0.2447,0.2447,0.2446,0.2446,0.2446,0.2446,0.2446,0.2446,0.2445,0.2445,0.2445,0.2445,0.2444,0.2444,0.2444,0.2443,0.2443,0.2443,0.2442,0.2442,0.2441,0.2441,0.2441,0.244,0.244,0.2439,0.2439,0.2438,0.2438,0.2438,0.2437,0.2437,0.2436,0.2436,0.2435,0.2435,0.2434,0.2434,0.2433,0.2433,0.2433,0.2432,0.2432,0.2431,0.2431,0.243,0.243,0.2429,0.2429,0.2428,0.2428,0.2427,0.2427,0.2426,0.2426,0.2425,0.2425,0.2424,0.2424,0.2423,0.2423,0.2423,0.2422,0.2422,0.2421,0.2421,0.2421,0.242,0.242,0.242,0.2419,0.2419,0.2419,0.2419,0.2418,0.2418,0.2418,0.2417,0.2417,0.2417,0.2417,0.2416,0.2416,0.2416,0.2416,0.2415,0.2415,0.2415,0.2415,0.2415,0.2415,0.2415,0.2414,0.2414,0.2414,0.2414,0.2414,0.2414,0.2414,0.2414,0.2414,0.2414,0.2414,0.2414,0.2414,0.2414,0.2414,0.2414,0.2414,0.2414,0.2414,0.2414,0.2414,0.2414,0.2414,0.2415,0.2415,0.2415,0.2415,0.2415,0.2415,0.2415,0.2415,0.2415,0.2415,0.2416,0.2416,0.2416,0.2416,0.2416,0.2416,0.2416,0.2417,0.2417,0.2417,0.2417,0.2417,0.2417,0.2417,0.2418,0.2418,0.2418,0.2418,0.2418,0.2418,0.2418,0.2418,0.2419,0.2419,0.2419,0.2419
Wave elevation1,0.0005362,-1.129e-05,-0.0005588,-0.001106,-0.001654,-0.002201,-0.002749,-0.003296,-0.003844,-0.004391,-0.004939,-0.005486,-0.006034,-0.006581,-0.007129,-0.007676,-0.008224,-0.008771,-0.009319,-0.009866,-0.01044,-0.01101,-0.01158,-0.01216,-0.01273,-0.0133,-0.01387,-0.01445,-0.01502,-0.01559,-0.01616,-0.01674,-0.01731,-0.01788,-0.01845,-0.01903,-0.0196,-0.02017,-0.02074,-0.02132,-0.0219,-0.02247,-0.02305,-0.02363,-0.02421,-0.02479,-0.02537,-0.02594,-0.02652,-0.0271,-0.02768,-0.02826,-0.02883,-0.02941,-0.02999,-0.03057,-0.03115,-0.03173,-0.0323,-0.03288,-0.03345,-0.03401,-0.03457,-0.03514,-0.0357,-0.03627,-0.03683,-0.03739,-0.03796,-0.03852,-0.03909,-0.03965,-0.04021,-0.04078,-0.04134,-0.04191,-0.04247,-0.04303,-0.0436,-0.04416,-0.04469,-0.04522,-0.04575,-0.04628,-0.04681,-0.04734,-0.04787,-0.0484,-0.04893,-0.04946,-0.04999,-0.05052,-0.05105,-0.05158,-0.05211,-0.05264,-0.05317,-0.0537,-0.05423,-0.05476,-0.05523,-0.05571,-0.05618,-0.05666,-0.05714,-0.05761,-0.05809,-0.05856,-0.05904,-0.05952,-0.05999,-0.06047,-0.06094,-0.06142,-0.0619,-0.06237,-0.06285,-0.06333,-0.0638,-0.06428,-0.06468,-0.06509,-0.06549,-0.0659,-0.0663,-0.06671,-0.06711,-0.06751,-0.06792,-0.06832,-0.06873,-0.06913,-0.06954,-0.06994,-0.07035,-0.07075,-0.07116,-0.07156,-0.07197,-0.07237,-0.07269,-0.07301,-0.07332,-0.07364,-0.07396,-0.07428,-0.07459,-0.07491,-0.07523,-0.07555,-0.07586,-0.07618,-0.0765,-0.07682,-0.07713,-0.07745,-0.07777,-0.07809,-0.0784,-0.07872,-0.07894,-0.07916,-0.07937,-0.07959,-0.07981,-0.08003,-0.08024,-0.08046,-0.08068,-0.08089,-0.08111,-0.08133,-0.08155,-0.08176,-0.08198,-0.0822,-0.08241,-0.08263,-0.08285,-0.08307,-0.08317,-0.08328,-0.08339,-0.08349,-0.0836,-0.08371,-0.08381,-0.08392,-0.08403,-0.08414,-0.08424,-0.08435,-0.08446,-0.08456,-0.08467,-0.08478,-0.08488,-0.08499,-0.0851,-0.0852,-0.08519,-0.08518,-0.08517,-0.08516,-0.08515,-0.08514,-0.08513,-0.08512,-0.08511,-0.0851,-0.08509,-0.08508,-0.08507,-0.08506,-0.08505,-0.08504,-0.08503,-0.08502,-0.08501,-0.085,-0.08487,-0.08474,-0.08461,-0.08448,-0.08435,-0.08422,-0.0841,-0.08397,-0.08384,-0.08371,-0.08358,-0.08345,-0.08332,-0.08319,-0.08306,-0.08293,-0.0828,-0.08267,-0.08254,-0.08241,-0.08216,-0.08191,-0.08166,-0.08141,-0.08116,-0.08091,-0.08067,-0.08042,-0.08017,-0.07992,-0.07967,-0.07942,-0.07917,-0.07892,-0.07868,-0.07843,-0.07818,-0.07793,-0.07768,-0.07743,-0.07707,-0.07671,-0.07634,-0.07598,-0.07562,-0.07525,-0.07489,-0.07453,-0.07417,-0.0738,-0.07344,-0.07308,-0.07271,-0.07235,-0.07199,-0.07162,-0.07126,-0.0709,-0.07054,-0.07017,-0.0697,-0.06923,-0.06876,-0.0683,-0.06783,-0.06736,-0.06689,-0.06642,-0.06595,-0.06548,-0.06501,-0.06454,-0.06407,-0.06361,-0.06314,-0.06267,-0.0622,-0.06173,-0.06126,-0.06079,-0.06023,-0.05966,-0.0591,-0.05854,-0.05797,-0.05741,-0.05685,-0.05628,-0.05572,-0.05516,-0.05459,-0.05403,-0.05347,-0.0529,-0.05234,-0.05178,-0.05121,-0.05065,-0.05009,-0.04952,-0.04888,-0.04824,-0.04759,-0.04695,-0.04631,-0.04566,-0.04502,-0.04438,-0.04373,-0.04309,-0.04245,-0.0418,-0.04116,-0.04052,-0.03987,-0.03923,-0.03858,-0.03794,-0.0373,-0.03665,-0.03595,-0.03524,-0.03454,-0.03383,-0.03312,-0.03242,-0.03171,-0.031,-0.0303,-0.02959,-0.02888,-0.02818,-0.02747,-0.02677,-0.02606,-0.02535,-0.02465,-0.02394,-0.02323,-0.02253,-0.02178,-0.02103,-0.02028,-0.01953,-0.01878,-0.01802,-0.01727,-0.01652,-0.01577,-0.01502,-0.01427,-0.01352,-0.01277,-0.01202,-0.01127,-0.01052,-0.009769,-0.009019,-0.008268,-0.007518,-0.006743,-0.005969,-0.005194,-0.00442,-0.003645,-0.002871,-0.002096,-0.001321,-0.0005469,0.0002276,0.001002,0.001777,0.002551,0.003326,0.0041,0.004875,0.005649,0.006424,0.007198,0.007973,0.008751,0.009528,0.01031,0.01108,0.01186,0.01264,0.01342,0.0142,0.01497,0.01575,0.01653,0.01731,0.01808,0.01886,0.01964,0.02042,0.0212,0.02197,0.02275,0.02353,0.02429,0.02505,0.02581,0.02657,0.02733,0.02809,0.02885,0.02961,0.03037,0.03113,0.03189,0.03265,0.03341,0.03417,0.03493,0.03569,0.03645,0.03722,0.03798,0.03874,0.03946,0.04018,0.0409,0.04163,0.04235,0.04307,0.0438,0.04452,0.04524,0.04596,0.04669,0.04741,0.04813,0.04886,0.04958,0.0503,0.05102,0.05175,0.05247,0.05319,0.05386,0.05453,0.05519,0.05586,0.05653,0.05719,0.05786,0.05853,0.05919,0.05986,0.06053,0.06119,0.06186,0.06253,0.06319,0.06386,0.06453,0.06519,0.06586,0.06652,0.06712,0.06771,0.0683,0.0689,0.06949,0.07008,0.07068,0.07127,0.07186,0.07246,0.07305,0.07364,0.07424,0.07483,0.07542,0.07602,0.07661,0.0772,0.0778,0.07839,0.0789,0.0794,0.07991,0.08041,0.08092,0.08142,0.08193,0.08243,0.08294,0.08344,0.08395,0.08445,0.08496,0.08547,0.08597,0.08648,0.08698,0.08749,0.08799,0.0885,0.0889,0.08931,0.08971,0.09012,0.09052,0.09093,0.09133,0.09174,0.09214,0.09255,0.09295,0.09336,0.09376,0.09417,0.09458,0.09498,0.09539,0.09579,0.0962,0.0966,0.0969,0.09719,0.09749,0.09779,0.09808,0.09838,0.09867,0.09897,0.09927,0.09956,0.09986,0.1002,0.1004,0.1007,0.101,0.1013,0.1016,0.1019,0.1022,0.1025,0.1027,0.1029,0.1031,0.1032,0.1034,0.1036,0.1038,0.104,0.1041,0.1043,0.1045,0.1047,0.1049,0.1051,0.1052,0.1054,0.1056,0.1058,0.106,0.1061,0.1062,0.1063,0.1063,0.1064,0.1065,0.1065,0.1066,0.1066,0.1067,0.1068,0.1068,0.1069,0.107,0.107,0.1071,0.1071,0.1072,0.1073,0.1073,0.1074,0.1073,0.1073,0.1072,0.1072,0.1071,0.1071,0.107,0.1069,0.1069,0.1068,0.1068,0.1067,0.1067,0.1066,0.1066,0.1065,0.1065,0.1064,0.1063,0.1063,0.1061,0.1059,0.1058,0.1056,0.1054,0.1053,0.1051,0.1049,0.1048,0.1046,0.1044,0.1043,0.1041,0.1039,0.1037,0.1036,0.1034,0.1032,0.1031,0.1029,0.1026,0.1023,0.1021,0.1018,0.1015,0.1012,0.1009,0.1007,0.1004,0.1001,0.09983,0.09955,0.09927,0.099,0.09872,0.09844,0.09816,0.09788,0.09761,0.09733,0.09695,0.09657,0.09619,0.09581,0.09544,0.09506,0.09468,0.0943,0.09392,0.09354,0.09317,0.09279,0.09241,0.09203,0.09165,0.09127,0.0909,0.09052,0.09014,0.08976,0.08929,0.08883,0.08836,0.08789,0.08742,0.08696,0.08649,0.08602,0.08555,0.08508,0.08462,0.08415,0.08368,0.08321,0.08275,0.08228,0.08181,0.08134,0.08087,0.08041,0.07986,0.07932,0.07877,0.07823,0.07768,0.07714,0.07659,0.07605,0.0755,0.07496,0.07441,0.07387,0.07332,0.07278,0.07223,0.07169,0.07115,0.0706,0.07006,0.06951,0.0689,0.06829,0.06769,0.06708,0.06647,0.06586,0.06525,0.06464,0.06403,0.06343,0.06282,0.06221,0.0616,0.06099,0.06038,0.05978,0.05917,0.05856,0.05795,0.05734,0.05668,0.05603,0.05537,0.05471,0.05405,0.0534,0.05274,0.05208,0.05142,0.05076,0.05011,0.04945,0.04879,0.04813,0.04748,0.04682,0.04616,0.0455,0.04485,0.04419,0.0435,0.0428,0.04211,0.04142,0.04073,0.04003,0.03934,0.03865,0.03796,0.03727,0.03657,0.03588,0.03519,0.0345,0.0338,0.03311,0.03242,0.03173,0.03103,0.03034,0.02963,0.02892,0.02821,0.02749,0.02678,0.02607,0.02536,0.02464,0.02393,0.02322,0.02251,0.0218,0.02108,0.02037,0.01966,0.01895,0.01823,0.01752,0.01681,0.0161
Wave elevation2,-0.009106,-0.009686,-0.01027,-0.01085,-0.01143,-0.01201,-0.01259,-0.01317,-0.01374,-0.01432,-0.0149,-0.01548,-0.01606,-0.01664,-0.01722,-0.0178,-0.01838,-0.01896,-0.01954,-0.02012,-0.02071,-0.0213,-0.02188,-0.02247,-0.02306,-0.02365,-0.02423,-0.02482,-0.02541,-0.02599,-0.02658,-0.02717,-0.02776,-0.02834,-0.02893,-0.02952,-0.0301,-0.03069,-0.03128,-0.03187,-0.03244,-0.03301,-0.03359,-0.03416,-0.03474,-0.03531,-0.03589,-0.03646,-0.03703,-0.03761,-0.03818,-0.03876,-0.03933,-0.03991,-0.04048,-0.04106,-0.04163,-0.0422,-0.04278,-0.04335,-0.04389,-0.04444,-0.04498,-0.04552,-0.04606,-0.0466,-0.04714,-0.04768,-0.04823,-0.04877,-0.04931,-0.04985,-0.05039,-0.05093,-0.05148,-0.05202,-0.05256,-0.0531,-0.05364,-0.05418,-0.05467,-0.05516,-0.05565,-0.05614,-0.05663,-0.05712,-0.05761,-0.0581,-0.05859,-0.05908,-0.05957,-0.06006,-0.06054,-0.06103,-0.06152,-0.06201,-0.0625,-0.06299,-0.06348,-0.06397,-0.06439,-0.06481,-0.06523,-0.06565,-0.06607,-0.06649,-0.0669,-0.06732,-0.06774,-0.06816,-0.06858,-0.069,-0.06942,-0.06984,-0.07026,-0.07068,-0.0711,-0.07152,-0.07193,-0.07235,-0.07269,-0.07302,-0.07335,-0.07369,-0.07402,-0.07435,-0.07468,-0.07502,-0.07535,-0.07568,-0.07602,-0.07635,-0.07668,-0.07702,-0.07735,-0.07768,-0.07802,-0.07835,-0.07868,-0.07901,-0.07925,-0.07948,-0.07972,-0.07995,-0.08018,-0.08042,-0.08065,-0.08088,-0.08112,-0.08135,-0.08158,-0.08182,-0.08205,-0.08228,-0.08252,-0.08275,-0.08299,-0.08322,-0.08345,-0.08369,-0.08381,-0.08393,-0.08406,-0.08418,-0.08431,-0.08443,-0.08455,-0.08468,-0.0848,-0.08492,-0.08505,-0.08517,-0.0853,-0.08542,-0.08554,-0.08567,-0.08579,-0.08591,-0.08604,-0.08616,-0.08617,-0.08618,-0.08618,-0.08619,-0.0862,-0.0862,-0.08621,-0.08622,-0.08623,-0.08623,-0.08624,-0.08625,-0.08625,-0.08626,-0.08627,-0.08627,-0.08628,-0.08629,-0.0863,-0.0863,-0.08619,-0.08608,-0.08596,-0.08585,-0.08574,-0.08563,-0.08551,-0.0854,-0.08529,-0.08517,-0.08506,-0.08495,-0.08484,-0.08472,-0.08461,-0.0845,-0.08438,-0.08427,-0.08416,-0.08405,-0.08381,-0.08358,-0.08335,-0.08312,-0.08288,-0.08265,-0.08242,-0.08219,-0.08196,-0.08172,-0.08149,-0.08126,-0.08103,-0.08079,-0.08056,-0.08033,-0.0801,-0.07986,-0.07963,-0.0794,-0.07905,-0.07871,-0.07836,-0.07801,-0.07766,-0.07732,-0.07697,-0.07662,-0.07627,-0.07593,-0.07558,-0.07523,-0.07488,-0.07454,-0.07419,-0.07384,-0.07349,-0.07315,-0.0728,-0.07245,-0.072,-0.07154,-0.07109,-0.07063,-0.07018,-0.06972,-0.06927,-0.06881,-0.06836,-0.0679,-0.06745,-0.067,-0.06654,-0.06609,-0.06563,-0.06518,-0.06472,-0.06427,-0.06381,-0.06336,-0.06281,-0.06226,-0.06171,-0.06115,-0.0606,-0.06005,-0.0595,-0.05895,-0.0584,-0.05785,-0.0573,-0.05675,-0.0562,-0.05565,-0.0551,-0.05455,-0.05399,-0.05344,-0.05289,-0.05234,-0.05171,-0.05108,-0.05044,-0.04981,-0.04918,-0.04855,-0.04791,-0.04728,-0.04665,-0.04602,-0.04538,-0.04475,-0.04412,-0.04348,-0.04285,-0.04222,-0.04159,-0.04095,-0.04032,-0.03969,-0.03899,-0.03829,-0.03759,-0.0369,-0.0362,-0.0355,-0.0348,-0.0341,-0.03341,-0.03271,-0.03201,-0.03131,-0.03061,-0.02992,-0.02922,-0.02852,-0.02782,-0.02712,-0.02643,-0.02573,-0.02498,-0.02424,-0.02349,-0.02275,-0.022,-0.02126,-0.02051,-0.01977,-0.01902,-0.01828,-0.01753,-0.01679,-0.01604,-0.0153,-0.01455,-0.01381,-0.01307,-0.01232,-0.01158,-0.01083,-0.01006,-0.009287,-0.008515,-0.007744,-0.006972,-0.0062,-0.005428,-0.004657,-0.003885,-0.003113,-0.002341,-0.001569,-0.0007976,-2.578e-05,0.000746,0.001518,0.00229,0.003061,0.003833,0.004605,0.005383,0.006161,0.006939,0.007718,0.008496,0.009274,0.01005,0.01083,0.01161,0.01239,0.01317,0.01394,0.01472,0.0155,0.01628,0.01706,0.01783,0.01861,0.01939,0.02017,0.02093,0.0217,0.02246,0.02323,0.02399,0.02475,0.02552,0.02628,0.02705,0.02781,0.02857,0.02934,0.0301,0.03087,0.03163,0.03239,0.03316,0.03392,0.03469,0.03545,0.03618,0.03691,0.03764,0.03837,0.0391,0.03983,0.04056,0.04129,0.04202,0.04275,0.04348,0.04421,0.04494,0.04567,0.0464,0.04713,0.04786,0.04859,0.04932,0.05005,0.05073,0.0514,0.05208,0.05276,0.05343,0.05411,0.05479,0.05546,0.05614,0.05682,0.0575,0.05817,0.05885,0.05953,0.0602,0.06088,0.06156,0.06223,0.06291,0.06359,0.0642,0.0648,0.06541,0.06602,0.06662,0.06723,0.06784,0.06844,0.06905,0.06966,0.07027,0.07087,0.07148,0.07209,0.07269,0.0733,0.07391,0.07452,0.07512,0.07573,0.07625,0.07677,0.0773,0.07782,0.07834,0.07886,0.07938,0.07991,0.08043,0.08095,0.08147,0.082,0.08252,0.08304,0.08356,0.08409,0.08461,0.08513,0.08565,0.08617,0.0866,0.08702,0.08745,0.08787,0.0883,0.08872,0.08915,0.08957,0.09,0.09043,0.09085,0.09128,0.0917,0.09213,0.09255,0.09298,0.0934,0.09383,0.09425,0.09468,0.095,0.09531,0.09563,0.09595,0.09627,0.09659,0.09691,0.09723,0.09754,0.09786,0.09818,0.0985,0.09882,0.09914,0.09946,0.09977,0.1001,0.1004,0.1007,0.101,0.1013,0.1015,0.1017,0.1019,0.1021,0.1023,0.1025,0.1027,0.1029,0.1031,0.1033,0.1035,0.1037,0.1039,0.1041,0.1043,0.1045,0.1048,0.105,0.1052,0.1053,0.1053,0.1054,0.1055,0.1056,0.1057,0.1058,0.1059,0.106,0.1061,0.1061,0.1062,0.1063,0.1064,0.1065,0.1066,0.1067,0.1068,0.1069,0.107,0.1069,0.1069,0.1069,0.1068,0.1068,0.1068,0.1068,0.1067,0.1067,0.1067,0.1067,0.1066,0.1066,0.1066,0.1065,0.1065,0.1065,0.1065,0.1064,0.1064,0.1063,0.1061,0.106,0.1059,0.1057,0.1056,0.1054,0.1053,0.1051,0.105,0.1049,0.1047,0.1046,0.1044,0.1043,0.1042,0.104,0.1039,0.1037,0.1036,0.1034,0.1031,0.1029,0.1026,0.1024,0.1021,0.1019,0.1016,0.1014,0.1011,0.1009,0.1006,0.1004,0.1001,0.09987,0.09962,0.09938,0.09913,0.09888,0.09863,0.09828,0.09793,0.09758,0.09723,0.09688,0.09654,0.09619,0.09584,0.09549,0.09514,0.09479,0.09444,0.09409,0.09374,0.09339,0.09305,0.0927,0.09235,0.092,0.09165,0.09121,0.09077,0.09033,0.08989,0.08945,0.08901,0.08858,0.08814,0.0877,0.08726,0.08682,0.08638,0.08594,0.0855,0.08506,0.08462,0.08418,0.08374,0.08331,0.08287,0.08235,0.08183,0.08131,0.08079,0.08028,0.07976,0.07924,0.07872,0.07821,0.07769,0.07717,0.07665,0.07614,0.07562,0.0751,0.07458,0.07406,0.07355,0.07303,0.07251,0.07193,0.07134,0.07076,0.07018,0.06959,0.06901,0.06843,0.06784,0.06726,0.06668,0.06609,0.06551,0.06493,0.06434,0.06376,0.06318,0.06259,0.06201,0.06143,0.06084,0.06021,0.05957,0.05894,0.0583,0.05767,0.05703,0.0564,0.05576,0.05513,0.05449,0.05386,0.05322,0.05258,0.05195,0.05131,0.05068,0.05004,0.04941,0.04877,0.04814,0.04747,0.04679,0.04612,0.04545,0.04477,0.0441,0.04343,0.04275,0.04208,0.04141,0.04074,0.04006,0.03939,0.03872,0.03804,0.03737,0.0367,0.03602,0.03535,0.03468,0.03398,0.03329,0.03259,0.03189,0.0312,0.0305,0.0298,0.02911,0.02841,0.02771,0.02702,0.02632,0.02562,0.02493,0.02423,0.02353,0.02284,0.02214,0.02144,0.02075,0.02004,0.01934,0.01863,0.01792,0.01722,0.01651,0.0158,0.0151,0.01439,0.01368,0.01298,0.01227,0.01157,0.01086,0.01015,0.009446,0.00874,0.008034,0.007327,0.006621
Wave elevation3,0.009215,0.008716,0.008216,0.007716,0.007216,0.006717,0.006217,0.005717,0.005218,0.004718,0.004218,0.003718,0.003219,0.002719,0.002219,0.00172,0.00122,0.0007201,0.0002204,-0.0002793,-0.0008206,-0.001362,-0.001903,-0.002445,-0.002986,-0.003527,-0.004068,-0.00461,-0.005151,-0.005692,-0.006234,-0.006775,-0.007316,-0.007858,-0.008399,-0.00894,-0.009481,-0.01002,-0.01056,-0.01111,-0.01167,-0.01224,-0.0128,-0.01336,-0.01393,-0.01449,-0.01506,-0.01562,-0.01619,-0.01675,-0.01732,-0.01788,-0.01845,-0.01901,-0.01958,-0.02014,-0.02071,-0.02127,-0.02184,-0.0224,-0.02297,-0.02354,-0.02411,-0.02468,-0.02525,-0.02582,-0.02639,-0.02696,-0.02753,-0.02809,-0.02866,-0.02923,-0.0298,-0.03037,-0.03094,-0.03151,-0.03208,-0.03265,-0.03322,-0.03379,-0.03434,-0.03489,-0.03545,-0.036,-0.03655,-0.03711,-0.03766,-0.03821,-0.03877,-0.03932,-0.03987,-0.04043,-0.04098,-0.04153,-0.04209,-0.04264,-0.04319,-0.04375,-0.0443,-0.04485,-0.04537,-0.04589,-0.04641,-0.04692,-0.04744,-0.04796,-0.04848,-0.04899,-0.04951,-0.05003,-0.05055,-0.05107,-0.05158,-0.0521,-0.05262,-0.05314,-0.05365,-0.05417,-0.05469,-0.05521,-0.05567,-0.05613,-0.0566,-0.05706,-0.05752,-0.05798,-0.05845,-0.05891,-0.05937,-0.05983,-0.0603,-0.06076,-0.06122,-0.06169,-0.06215,-0.06261,-0.06307,-0.06354,-0.064,-0.06446,-0.06485,-0.06524,-0.06563,-0.06602,-0.06641,-0.0668,-0.06719,-0.06758,-0.06798,-0.06837,-0.06876,-0.06915,-0.06954,-0.06993,-0.07032,-0.07071,-0.0711,-0.07149,-0.07188,-0.07227,-0.07257,-0.07287,-0.07317,-0.07348,-0.07378,-0.07408,-0.07438,-0.07468,-0.07499,-0.07529,-0.07559,-0.07589,-0.0762,-0.0765,-0.0768,-0.0771,-0.0774,-0.07771,-0.07801,-0.07831,-0.07851,-0.07871,-0.07891,-0.07912,-0.07932,-0.07952,-0.07972,-0.07992,-0.08012,-0.08032,-0.08052,-0.08072,-0.08093,-0.08113,-0.08133,-0.08153,-0.08173,-0.08193,-0.08213,-0.08233,-0.08242,-0.08251,-0.0826,-0.08269,-0.08278,-0.08288,-0.08297,-0.08306,-0.08315,-0.08324,-0.08333,-0.08342,-0.08351,-0.0836,-0.08369,-0.08378,-0.08387,-0.08396,-0.08405,-0.08414,-0.08411,-0.08409,-0.08406,-0.08403,-0.08401,-0.08398,-0.08395,-0.08393,-0.0839,-0.08387,-0.08385,-0.08382,-0.08379,-0.08377,-0.08374,-0.08371,-0.08369,-0.08366,-0.08363,-0.08361,-0.08346,-0.08331,-0.08317,-0.08302,-0.08288,-0.08273,-0.08258,-0.08244,-0.08229,-0.08214,-0.082,-0.08185,-0.08171,-0.08156,-0.08141,-0.08127,-0.08112,-0.08097,-0.08083,-0.08068,-0.08042,-0.08015,-0.07989,-0.07962,-0.07936,-0.07909,-0.07883,-0.07856,-0.0783,-0.07804,-0.07777,-0.07751,-0.07724,-0.07698,-0.07671,-0.07645,-0.07618,-0.07592,-0.07565,-0.07539,-0.07501,-0.07463,-0.07426,-0.07388,-0.0735,-0.07312,-0.07274,-0.07237,-0.07199,-0.07161,-0.07123,-0.07085,-0.07048,-0.0701,-0.06972,-0.06934,-0.06897,-0.06859,-0.06821,-0.06783,-0.06735,-0.06687,-0.06638,-0.0659,-0.06542,-0.06494,-0.06445,-0.06397,-0.06349,-0.06301,-0.06252,-0.06204,-0.06156,-0.06108,-0.06059,-0.06011,-0.05963,-0.05915,-0.05866,-0.05818,-0.0576,-0.05703,-0.05645,-0.05588,-0.0553,-0.05473,-0.05415,-0.05358,-0.053,-0.05243,-0.05185,-0.05128,-0.0507,-0.05013,-0.04955,-0.04898,-0.0484,-0.04783,-0.04725,-0.04667,-0.04602,-0.04537,-0.04472,-0.04406,-0.04341,-0.04276,-0.0421,-0.04145,-0.0408,-0.04014,-0.03949,-0.03884,-0.03818,-0.03753,-0.03688,-0.03622,-0.03557,-0.03492,-0.03426,-0.03361,-0.0329,-0.03218,-0.03147,-0.03076,-0.03004,-0.02933,-0.02862,-0.0279,-0.02719,-0.02647,-0.02576,-0.02505,-0.02433,-0.02362,-0.02291,-0.02219,-0.02148,-0.02076,-0.02005,-0.01934,-0.01858,-0.01783,-0.01707,-0.01632,-0.01556,-0.01481,-0.01405,-0.0133,-0.01254,-0.01179,-0.01103,-0.01028,-0.009521,-0.008765,-0.00801,-0.007255,-0.0065,-0.005745,-0.00499,-0.004234,-0.003458,-0.002682,-0.001906,-0.00113,-0.0003533,0.0004229,0.001199,0.001975,0.002752,0.003528,0.004304,0.00508,0.005857,0.006633,0.007409,0.008185,0.008962,0.009738,0.01051,0.01129,0.01207,0.01284,0.01362,0.0144,0.01517,0.01595,0.01673,0.0175,0.01828,0.01905,0.01983,0.02061,0.02138,0.02216,0.02294,0.02371,0.02449,0.02527,0.02604,0.02682,0.02757,0.02833,0.02909,0.02984,0.0306,0.03135,0.03211,0.03286,0.03362,0.03437,0.03513,0.03589,0.03664,0.0374,0.03815,0.03891,0.03966,0.04042,0.04118,0.04193,0.04265,0.04336,0.04408,0.04479,0.04551,0.04622,0.04694,0.04765,0.04837,0.04908,0.0498,0.05051,0.05123,0.05194,0.05265,0.05337,0.05408,0.0548,0.05551,0.05623,0.05688,0.05754,0.05819,0.05885,0.05951,0.06016,0.06082,0.06147,0.06213,0.06278,0.06344,0.06409,0.06475,0.0654,0.06606,0.06671,0.06737,0.06802,0.06868,0.06933,0.06991,0.07049,0.07107,0.07165,0.07223,0.07281,0.07339,0.07396,0.07454,0.07512,0.0757,0.07628,0.07686,0.07744,0.07802,0.07859,0.07917,0.07975,0.08033,0.08091,0.0814,0.08188,0.08237,0.08286,0.08335,0.08384,0.08432,0.08481,0.0853,0.08579,0.08627,0.08676,0.08725,0.08774,0.08822,0.08871,0.0892,0.08969,0.09017,0.09066,0.09105,0.09143,0.09182,0.0922,0.09259,0.09297,0.09336,0.09374,0.09412,0.09451,0.09489,0.09528,0.09566,0.09605,0.09643,0.09682,0.0972,0.09759,0.09797,0.09836,0.09863,0.0989,0.09918,0.09945,0.09972,0.09999,0.1003,0.1005,0.1008,0.1011,0.1014,0.1016,0.1019,0.1022,0.1025,0.1027,0.103,0.1033,0.1035,0.1038,0.104,0.1041,0.1043,0.1044,0.1046,0.1047,0.1049,0.1051,0.1052,0.1054,0.1055,0.1057,0.1058,0.106,0.1061,0.1063,0.1065,0.1066,0.1068,0.1069,0.107,0.107,0.107,0.1071,0.1071,0.1071,0.1072,0.1072,0.1072,0.1073,0.1073,0.1074,0.1074,0.1074,0.1075,0.1075,0.1075,0.1076,0.1076,0.1076,0.1076,0.1075,0.1074,0.1073,0.1072,0.1071,0.1071,0.107,0.1069,0.1068,0.1067,0.1066,0.1066,0.1065,0.1064,0.1063,0.1062,0.1061,0.1061,0.106,0.1058,0.1056,0.1054,0.1052,0.105,0.1048,0.1046,0.1044,0.1042,0.104,0.1038,0.1036,0.1034,0.1032,0.103,0.1028,0.1026,0.1024,0.1022,0.102,0.1017,0.1014,0.1011,0.1008,0.1005,0.1002,0.09984,0.09954,0.09923,0.09892,0.09861,0.09831,0.098,0.09769,0.09738,0.09708,0.09677,0.09646,0.09615,0.09585,0.09544,0.09503,0.09463,0.09422,0.09381,0.0934,0.093,0.09259,0.09218,0.09178,0.09137,0.09096,0.09056,0.09015,0.08974,0.08933,0.08893,0.08852,0.08811,0.08771,0.08721,0.08671,0.08622,0.08572,0.08523,0.08473,0.08424,0.08374,0.08325,0.08275,0.08226,0.08176,0.08126,0.08077,0.08027,0.07978,0.07928,0.07879,0.07829,0.0778,0.07723,0.07665,0.07608,0.07551,0.07494,0.07437,0.0738,0.07323,0.07266,0.07209,0.07151,0.07094,0.07037,0.0698,0.06923,0.06866,0.06809,0.06752,0.06695,0.06638,0.06574,0.06511,0.06448,0.06385,0.06321,0.06258,0.06195,0.06132,0.06068,0.06005,0.05942,0.05879,0.05815,0.05752,0.05689,0.05626,0.05562,0.05499,0.05436,0.05373,0.05305,0.05237,0.05169,0.05101,0.05033,0.04965,0.04897,0.0483,0.04762,0.04694,0.04626,0.04558,0.0449,0.04422,0.04354,0.04286,0.04218,0.04151,0.04083,0.04015,0.03944,0.03873,0.03802,0.03731,0.0366,0.03589,0.03518,0.03447,0.03376,0.03304,0.03233,0.03162,0.03091,0.0302,0.02949,0.02878,0.02807,0.02736,0.02665,0.02594
Wave elevation4,2422000.0,2421000.0,2420000.0,2419000.0,2419000.0,2421000.0,2423000.0,2428000.0,2434000.0,2441000.0,2451000.0,2462000.0,2474000.0,2488000.0,2502000.0,2517000.0,2532000.0,2547000.0,2560000.0,2572000.0,2582000.0,2590000.0,2594000.0,2595000.0,2593000.0,2587000.0,2577000.0,2563000.0,2545000.0,2525000.0,2501000.0,2475000.0,2447000.0,2418000.0,2388000.0,2358000.0,2328000.0,2300000.0,2274000.0,2250000.0,2229000.0,2211000.0,2197000.0,2186000.0,2179000.0,2175000.0,2175000.0,2177000.0,2182000.0,2190000.0,2199000.0,2210000.0,2221000.0,2233000.0,2245000.0,2256000.0,2266000.0,2275000.0,2284000.0,2290000.0,2296000.0,2300000.0,2304000.0,2307000.0,2311000.0,2314000.0,2319000.0,2325000.0,2333000.0,2343000.0,2355000.0,2370000.0,2388000.0,2409000.0,2432000.0,2457000.0,2484000.0,2512000.0,2541000.0,2569000.0,2596000.0,2622000.0,2645000.0,2665000.0,2682000.0,2694000.0,2702000.0,2704000.0,2702000.0,2695000.0,2684000.0,2669000.0,2650000.0,2628000.0,2604000.0,2580000.0,2555000.0,2531000.0,2509000.0,2490000.0,2474000.0,2462000.0,2455000.0,2454000.0,2457000.0,2466000.0,2480000.0,2499000.0,2522000.0,2549000.0,2580000.0,2612000.0,2646000.0,2681000.0,2716000.0,2749000.0,2781000.0,2810000.0,2837000.0,2859000.0,2878000.0,2893000.0,2905000.0,2912000.0,2917000.0,2918000.0,2917000.0,2914000.0,2910000.0,2905000.0,2901000.0,2897000.0,2894000.0,2893000.0,2893000.0,2895000.0,2899000.0,2905000.0,2912000.0,2920000.0,2928000.0,2937000.0,2944000.0,2950000.0,2954000.0,2956000.0,2954000.0,2948000.0,2939000.0,2925000.0,2908000.0,2885000.0,2859000.0,2829000.0,2796000.0,2760000.0,2722000.0,2683000.0,2643000.0,2604000.0,2566000.0,2530000.0,2496000.0,2466000.0,2439000.0,2416000.0,2398000.0,2384000.0,2374000.0,2368000.0,2366000.0,2367000.0,2371000.0,2376000.0,2382000.0,2388000.0,2394000.0,2399000.0,2401000.0,2401000.0,2398000.0,2391000.0,2380000.0,2365000.0,2347000.0,2325000.0,2299000.0,2271000.0,2240000.0,2207000.0,2173000.0,2138000.0,2103000.0,2070000.0,2037000.0,2006000.0,1978000.0,1952000.0,1929000.0,1909000.0,1892000.0,1877000.0,1865000.0,1855000.0,1847000.0,1840000.0,1834000.0,1828000.0,1822000.0,1816000.0,1809000.0,1801000.0,1792000.0,1782000.0,1770000.0,1757000.0,1744000.0,1730000.0,1716000.0,1703000.0,1690000.0,1679000.0,1671000.0,1665000.0,1662000.0,1662000.0,1667000.0,1676000.0,1689000.0,1707000.0,1729000.0,1756000.0,1786000.0,1819000.0,1855000.0,1894000.0,1934000.0,1976000.0,2017000.0,2059000.0,2099000.0,2138000.0,2175000.0,2210000.0,2241000.0,2269000.0,2290000.0,2303000.0,2307000.0,2302000.0,2291000.0,2281000.0,2273000.0,2270000.0,2273000.0,2281000.0,2295000.0,2312000.0,2332000.0,2356000.0,2381000.0,2410000.0,2441000.0,2474000.0,2509000.0,2545000.0,2584000.0,2623000.0,2663000.0,2703000.0,2743000.0,2782000.0,2820000.0,2856000.0,2891000.0,2923000.0,2953000.0,2980000.0,3004000.0,3026000.0,3044000.0,3059000.0,3072000.0,3081000.0,3089000.0,3094000.0,3099000.0,3102000.0,3106000.0,3110000.0,3116000.0,3124000.0,3133000.0,3146000.0,3160000.0,3177000.0,3195000.0,3215000.0,3235000.0,3255000.0,3274000.0,3292000.0,3308000.0,3321000.0,3331000.0,3337000.0,3339000.0,3337000.0,3331000.0,3321000.0,3307000.0,3290000.0,3270000.0,3247000.0,3222000.0,3197000.0,3170000.0,3143000.0,3117000.0,3091000.0,3067000.0,3043000.0,3021000.0,3001000.0,2982000.0,2964000.0,2948000.0,2933000.0,2919000.0,2906000.0,2893000.0,2880000.0,2867000.0,2853000.0,2839000.0,2824000.0,2807000.0,2789000.0,2769000.0,2747000.0,2723000.0,2698000.0,2671000.0,2642000.0,2611000.0,2580000.0,2548000.0,2515000.0,2483000.0,2451000.0,2419000.0,2389000.0,2359000.0,2332000.0,2306000.0,2282000.0,2260000.0,2240000.0,2222000.0,2205000.0,2190000.0,2176000.0,2162000.0,2149000.0,2136000.0,2123000.0,2110000.0,2096000.0,2081000.0,2066000.0,2049000.0,2032000.0,2014000.0,1995000.0,1976000.0,1957000.0,1939000.0,1920000.0,1903000.0,1887000.0,1873000.0,1860000.0,1850000.0,1842000.0,1836000.0,1834000.0,1833000.0,1836000.0,1841000.0,1849000.0,1858000.0,1870000.0,1884000.0,1900000.0,1916000.0,1934000.0,1953000.0,1971000.0,1990000.0,2009000.0,2028000.0,2046000.0,2063000.0,2080000.0,2096000.0,2111000.0,2126000.0,2141000.0,2155000.0,2169000.0,2183000.0,2198000.0,2213000.0,2228000.0,2244000.0,2262000.0,2280000.0,2299000.0,2319000.0,2340000.0,2361000.0,2384000.0,2407000.0,2431000.0,2455000.0,2478000.0,2502000.0,2525000.0,2547000.0,2569000.0,2589000.0,2608000.0,2626000.0,2643000.0,2659000.0,2674000.0,2687000.0,2699000.0,2711000.0,2721000.0,2729000.0,2735000.0,2737000.0,2738000.0,2738000.0,2740000.0,2746000.0,2756000.0,2770000.0,2788000.0,2808000.0,2829000.0,2849000.0,2870000.0,2889000.0,2907000.0,2925000.0,2941000.0,2956000.0,2971000.0,2983000.0,2995000.0,3004000.0,3012000.0,3018000.0,3023000.0,3025000.0,3025000.0,3024000.0,3021000.0,3016000.0,3009000.0,3001000.0,2991000.0,2979000.0,2967000.0,2953000.0,2938000.0,2922000.0,2906000.0,2889000.0,2872000.0,2856000.0,2840000.0,2824000.0,2809000.0,2795000.0,2782000.0,2769000.0,2756000.0,2743000.0,2731000.0,2717000.0,2704000.0,2689000.0,2674000.0,2658000.0,2641000.0,2623000.0,2605000.0,2585000.0,2566000.0,2546000.0,2526000.0,2506000.0,2487000.0,2468000.0,2451000.0,2434000.0,2418000.0,2403000.0,2390000.0,2377000.0,2366000.0,2356000.0,2346000.0,2337000.0,2329000.0,2321000.0,2313000.0,2305000.0,2296000.0,2288000.0,2279000.0,2269000.0,2259000.0,2248000.0,2236000.0,2223000.0,2210000.0,2197000.0,2182000.0,2168000.0,2152000.0,2137000.0,2122000.0,2106000.0,2091000.0,2077000.0,2063000.0,2050000.0,2038000.0,2027000.0,2017000.0,2008000.0,2001000.0,1995000.0,1991000.0,1988000.0,1986000.0,1986000.0,1987000.0,1988000.0,1991000.0,1995000.0,1999000.0,2004000.0,2009000.0,2015000.0,2021000.0,2028000.0,2034000.0,2042000.0,2049000.0,2057000.0,2066000.0,2075000.0,2084000.0,2095000.0,2106000.0,2118000.0,2131000.0,2145000.0,2160000.0,2176000.0,2192000.0,2209000.0,2227000.0,2246000.0,2264000.0,2283000.0,2302000.0,2322000.0,2340000.0,2359000.0,2377000.0,2395000.0,2411000.0,2428000.0,2443000.0,2457000.0,2471000.0,2484000.0,2496000.0,2508000.0,2519000.0,2529000.0,2539000.0,2549000.0,2558000.0,2568000.0,2578000.0,2587000.0,2597000.0,2608000.0,2618000.0,2629000.0,2641000.0,2653000.0,2666000.0,2679000.0,2692000.0,2705000.0,2719000.0,2733000.0,2746000.0,2760000.0,2773000.0,2786000.0,2798000.0,2810000.0,2822000.0,2833000.0,2843000.0,2853000.0,2862000.0,2870000.0,2878000.0,2885000.0,2892000.0,2899000.0,2905000.0,2911000.0,2917000.0,2922000.0,2927000.0,2932000.0,2937000.0,2941000.0,2946000.0,2949000.0,2953000.0,2956000.0,2959000.0,2961000.0,2962000.0,2963000.0,2963000.0,2962000.0,2960000.0,2957000.0,2953000.0,2948000.0,2943000.0,2936000.0,2929000.0,2921000.0,2912000.0,2902000.0,2892000.0,2882000.0,2871000.0,2860000.0,2849000.0,2838000.0,2827000.0,2817000.0,2806000.0,2796000.0,2786000.0,2776000.0,2767000.0,2758000.0,2749000.0,2740000.0,2732000.0,2723000.0,2715000.0,2706000.0,2697000.0,2688000.0,2679000.0,2670000.0,2660000.0,2650000.0,2640000.0,2629000.0,2618000.0,2607000.0,2595000.0,2584000.0,2572000.0,2560000.0,2548000.0,2536000.0,2525000.0,2513000.0,2502000.0,2491000.0,2480000.0,2469000.0,2459000.0,2449000.0,2440000.0,2430000.0,2421000.0,2412000.0,2403000.0,2394000.0,2385000.0,2377000.0,2368000.0,2359000.0,2351000.0,2342000.0,2333000.0,2324000.0,2315000.0,2307000.0,2298000.0,2289000.0,2281000.0,2273000.0,2265000.0,2258000.0,2251000.0,2245000.0,2239000.0,2234000.0,2230000.0,2226000.0,2223000.0,2221000.0,2219000.0,2218000.0,2217000.0,2217000.0,2218000.0,2219000.0,2220000.0,2221000.0,2223000.0,2225000.0,2227000.0,2230000.0,2232000.0,2234000.0,2236000.0,2239000.0,2241000.0,2243000.0,2245000.0,2248000.0,2250000.0,2253000.0,2255000.0,2258000.0,2261000.0,2264000.0,2268000.0,2272000.0,2276000.0,2281000.0,2286000.0,2291000.0,2296000.0,2302000.0,2308000.0,2315000.0,2321000.0,2328000.0,2335000.0,2342000.0,2349000.0,2356000.0,2363000.0,2370000.0,2377000.0,2384000.0,2390000.0,2397000.0,2404000.0,2411000.0,2417000.0,2424000.0,2431000.0,2438000.0,2444000.0,2451000.0,2459000.0,2466000.0,2473000.0,2481000.0,2489000.0,2497000.0,2504000.0,2513000.0,2521000.0,2529000.0,2537000.0
Surge,-1.445e-06,-5.528e-06,-1.163e-05,-1.89e-05,-2.627e-05,-3.259e-05,-3.678e-05,-3.786e-05,-3.506e-05,-2.783e-05,-1.583e-05,1.046e-06,2.276e-05,4.914e-05,7.992e-05,0.0001148,0.0001534,0.0001954,0.0002402,0.0002875,0.0003367,0.000387,0.0004379,0.0004884,0.000538,0.0005859,0.0006317,0.000675,0.0007159,0.0007545,0.0007916,0.0008279,0.0008646,0.0009027,0.0009436,0.0009884,0.001038,0.001094,0.001156,0.001224,0.001298,0.001379,0.001464,0.001554,0.001646,0.001741,0.001837,0.001933,0.002027,0.002121,0.002212,0.002299,0.002384,0.002465,0.002543,0.002617,0.002688,0.002755,0.00282,0.002884,0.002946,0.003008,0.00307,0.003135,0.003201,0.00327,0.003343,0.003419,0.003499,0.003582,0.003668,0.003755,0.003842,0.003929,0.004013,0.004095,0.004173,0.004245,0.004312,0.004372,0.004426,0.004473,0.004515,0.00455,0.00458,0.004606,0.004628,0.004647,0.004663,0.004678,0.004691,0.004704,0.004717,0.00473,0.004743,0.004757,0.00477,0.004783,0.004795,0.004805,0.004812,0.004815,0.004812,0.004804,0.004788,0.004764,0.004732,0.004691,0.00464,0.004581,0.004513,0.004437,0.004354,0.004265,0.004171,0.004073,0.003971,0.003867,0.003762,0.003655,0.003548,0.003439,0.00333,0.003219,0.003106,0.002991,0.002873,0.002751,0.002624,0.002491,0.002351,0.002205,0.00205,0.001887,0.001716,0.001536,0.001348,0.001152,0.0009486,0.0007394,0.000525,0.0003064,8.494e-05,-0.0001383,-0.0003623,-0.000586,-0.0008086,-0.00103,-0.001249,-0.001465,-0.00168,-0.001893,-0.002104,-0.002314,-0.002525,-0.002735,-0.002948,-0.003162,-0.003379,-0.003599,-0.003822,-0.004049,-0.004278,-0.004511,-0.004746,-0.004983,-0.005221,-0.005458,-0.005694,-0.005927,-0.006157,-0.006381,-0.0066,-0.006812,-0.007017,-0.007214,-0.007403,-0.007584,-0.007757,-0.007922,-0.008081,-0.008234,-0.00838,-0.008522,-0.00866,-0.008794,-0.008925,-0.009052,-0.009177,-0.009298,-0.009416,-0.009531,-0.009641,-0.009746,-0.009845,-0.009938,-0.01002,-0.0101,-0.01017,-0.01023,-0.01028,-0.01032,-0.01035,-0.01037,-0.01038,-0.01038,-0.01038,-0.01036,-0.01034,-0.01032,-0.01029,-0.01025,-0.01021,-0.01017,-0.01013,-0.01008,-0.01003,-0.009971,-0.009913,-0.009851,-0.009785,-0.009714,-0.009639,-0.009557,-0.00947,-0.009377,-0.009277,-0.00917,-0.009058,-0.008939,-0.008814,-0.008685,-0.008551,-0.008413,-0.008273,-0.008131,-0.007989,-0.007846,-0.007705,-0.007565,-0.007428,-0.007293,-0.007161,-0.007032,-0.006907,-0.006784,-0.006664,-0.006547,-0.006432,-0.006318,-0.006206,-0.006095,-0.005985,-0.005876,-0.005768,-0.005661,-0.005555,-0.005451,-0.00535,-0.005253,-0.005159,-0.00507,-0.004987,-0.00491,-0.004842,-0.004781,-0.004729,-0.004688,-0.004656,-0.004634,-0.004623,-0.004622,-0.004631,-0.00465,-0.004678,-0.004716,-0.004762,-0.004816,-0.004878,-0.004948,-0.005025,-0.005109,-0.0052,-0.005299,-0.005406,-0.005521,-0.005644,-0.005777,-0.005919,-0.006072,-0.006236,-0.006411,-0.006598,-0.006797,-0.007008,-0.007233,-0.00747,-0.007719,-0.007981,-0.008254,-0.008539,-0.008834,-0.009139,-0.009455,-0.009778,-0.01011,-0.01045,-0.0108,-0.01115,-0.01151,-0.01187,-0.01225,-0.01262,-0.01301,-0.01339,-0.01379,-0.01419,-0.0146,-0.01502,-0.01544,-0.01587,-0.01631,-0.01675,-0.0172,-0.01766,-0.01812,-0.01859,-0.01906,-0.01954,-0.02002,-0.0205,-0.02098,-0.02146,-0.02194,-0.02241,-0.02289,-0.02336,-0.02384,-0.0243,-0.02477,-0.02523,-0.02569,-0.02614,-0.02659,-0.02704,-0.02748,-0.02792,-0.02836,-0.0288,-0.02923,-0.02965,-0.03008,-0.0305,-0.03091,-0.03132,-0.03172,-0.03211,-0.0325,-0.03288,-0.03324,-0.0336,-0.03395,-0.03429,-0.03461,-0.03493,-0.03523,-0.03552,-0.0358,-0.03607,-0.03633,-0.03658,-0.03682,-0.03705,-0.03727,-0.03748,-0.03768,-0.03787,-0.03806,-0.03823,-0.0384,-0.03856,-0.03871,-0.03885,-0.03898,-0.0391,-0.03921,-0.03932,-0.03941,-0.03949,-0.03956,-0.03963,-0.03968,-0.03972,-0.03976,-0.03979,-0.03981,-0.03982,-0.03983,-0.03984,-0.03984,-0.03983,-0.03983,-0.03982,-0.0398,-0.03979,-0.03978,-0.03976,-0.03975,-0.03973,-0.03971,-0.0397,-0.03968,-0.03967,-0.03965,-0.03964,-0.03962,-0.03961,-0.0396,-0.03959,-0.03958,-0.03957,-0.03957,-0.03957,-0.03958,-0.03959,-0.03961,-0.03964,-0.03967,-0.03971,-0.03976,-0.03982,-0.03989,-0.03997,-0.04006,-0.04016,-0.04027,-0.04039,-0.04052,-0.04065,-0.0408,-0.04096,-0.04113,-0.04131,-0.04149,-0.04169,-0.0419,-0.04211,-0.04234,-0.04257,-0.04282,-0.04307,-0.04334,-0.04362,-0.04391,-0.04421,-0.04453,-0.04485,-0.04519,-0.04554,-0.0459,-0.04627,-0.04665,-0.04704,-0.04744,-0.04785,-0.04827,-0.0487,-0.04914,-0.04958,-0.05003,-0.05048,-0.05095,-0.05141,-0.05188,-0.05236,-0.05284,-0.05333,-0.05382,-0.05432,-0.05482,-0.05532,-0.05583,-0.05634,-0.05686,-0.05738,-0.0579,-0.05842,-0.05895,-0.05948,-0.06,-0.06053,-0.06106,-0.06159,-0.06211,-0.06263,-0.06315,-0.06367,-0.06417,-0.06468,-0.06518,-0.06567,-0.06616,-0.06664,-0.06711,-0.06758,-0.06804,-0.0685,-0.06895,-0.0694,-0.06984,-0.07028,-0.07071,-0.07113,-0.07156,-0.07197,-0.07238,-0.07278,-0.07318,-0.07357,-0.07395,-0.07433,-0.07469,-0.07505,-0.0754,-0.07574,-0.07607,-0.07639,-0.0767,-0.07701,-0.0773,-0.07758,-0.07786,-0.07812,-0.07838,-0.07863,-0.07888,-0.07912,-0.07935,-0.07958,-0.0798,-0.08001,-0.08023,-0.08043,-0.08063,-0.08083,-0.08102,-0.0812,-0.08138,-0.08155,-0.08171,-0.08187,-0.08201,-0.08216,-0.08229,-0.08242,-0.08254,-0.08265,-0.08276,-0.08286,-0.08296,-0.08306,-0.08315,-0.08324,-0.08332,-0.08341,-0.08349,-0.08357,-0.08365,-0.08373,-0.08381,-0.08389,-0.08397,-0.08405,-0.08412,-0.0842,-0.08427,-0.08435,-0.08442,-0.08449,-0.08456,-0.08463,-0.08469,-0.08476,-0.08483,-0.08489,-0.08496,-0.08504,-0.08511,-0.08519,-0.08527,-0.08536,-0.08545,-0.08555,-0.08565,-0.08576,-0.08588,-0.086,-0.08613,-0.08627,-0.08641,-0.08656,-0.08672,-0.08688,-0.08705,-0.08723,-0.08741,-0.0876,-0.0878,-0.088,-0.08821,-0.08843,-0.08865,-0.08889,-0.08913,-0.08938,-0.08965,-0.08992,-0.0902,-0.0905,-0.0908,-0.09112,-0.09145,-0.09179,-0.09214,-0.09251,-0.09288,-0.09327,-0.09367,-0.09407,-0.09449,-0.09492,-0.09535,-0.0958,-0.09625,-0.09671,-0.09718,-0.09766,-0.09815,-0.09864,-0.09915,-0.09966,-0.1002,-0.1007,-0.1012,-0.1018,-0.1023,-0.1029,-0.1035,-0.1041,-0.1047,-0.1053,-0.1059,-0.1065,-0.1071,-0.1077,-0.1083,-0.109,-0.1096,-0.1102,-0.1109,-0.1115,-0.1122,-0.1128,-0.1134,-0.1141,-0.1147,-0.1154,-0.116,-0.1167,-0.1173,-0.1179,-0.1186,-0.1192,-0.1199,-0.1205,-0.1211,-0.1218,-0.1224,-0.123,-0.1237,-0.1243,-0.1249,-0.1255,-0.1261,-0.1267,-0.1273,-0.1279,-0.1285,-0.129,-0.1296,-0.1302,-0.1307,-0.1312,-0.1318,-0.1323,-0.1328,-0.1333,-0.1338,-0.1343,-0.1348,-0.1352,-0.1357,-0.1362,-0.1366,-0.1371,-0.1375,-0.1379,-0.1384,-0.1388,-0.1392,-0.1396,-0.14,-0.1403,-0.1407,-0.1411,-0.1414,-0.1418,-0.1421,-0.1424,-0.1428,-0.1431,-0.1434,-0.1437,-0.144,-0.1443,-0.1446,-0.1448,-0.1451,-0.1454,-0.1457,-0.1459,-0.1462,-0.1465,-0.1467,-0.147,-0.1473,-0.1475,-0.1478,-0.148,-0.1483,-0.1485,-0.1488,-0.149,-0.1493,-0.1495,-0.1497,-0.15,-0.1502,-0.1505,-0.1507,-0.151,-0.1512,-0.1515,-0.1517,-0.152,-0.1522,-0.1525,-0.1528,-0.153,-0.1533,-0.1536,-0.1539,-0.1542,-0.1544,-0.1547,-0.155,-0.1553,-0.1556,-0.156,-0.1563,-0.1566,-0.1569,-0.1572,-0.1575,-0.1579,-0.1582,-0.1585,-0.1589,-0.1592,-0.1596,-0.1599,-0.1603,-0.1606,-0.161,-0.1614,-0.1617,-0.1621,-0.1625,-0.1629,-0.1633,-0.1637,-0.1641,-0.1645,-0.1649,-0.1653,-0.1657,-0.1661,-0.1665,-0.1669,-0.1674
Sway,4.823e-06,1.872e-05,4.067e-05,7.195e-05,0.0001114,0.0001589,0.0002133,0.0002732,0.0003372,0.0004033,0.0004698,0.0005346,0.0005959,0.0006519,0.0007012,0.0007424,0.0007745,0.000797,0.0008095,0.0008121,0.0008055,0.0007904,0.0007681,0.0007401,0.0007079,0.0006737,0.0006391,0.0006063,0.000577,0.0005528,0.0005354,0.0005258,0.0005249,0.000533,0.0005504,0.0005765,0.0006107,0.0006518,0.0006983,0.0007485,0.0008003,0.0008514,0.0008998,0.0009429,0.0009786,0.001005,0.00102,0.001022,0.001009,0.0009821,0.0009396,0.0008819,0.0008094,0.000723,0.0006239,0.0005138,0.0003943,0.0002674,0.0001351,-5.839e-07,-0.0001377,-0.0002744,-0.0004091,-0.0005406,-0.0006676,-0.0007897,-0.0009063,-0.001018,-0.001124,-0.001226,-0.001324,-0.00142,-0.001515,-0.001612,-0.00171,-0.001812,-0.00192,-0.002035,-0.002157,-0.002289,-0.00243,-0.002582,-0.002743,-0.002913,-0.003093,-0.00328,-0.003475,-0.003674,-0.003877,-0.004081,-0.004286,-0.004489,-0.004689,-0.004884,-0.005074,-0.005257,-0.005432,-0.005599,-0.005758,-0.005908,-0.006051,-0.006188,-0.006318,-0.006443,-0.006564,-0.006683,-0.006801,-0.006918,-0.007037,-0.007158,-0.007282,-0.00741,-0.007542,-0.007678,-0.007818,-0.007962,-0.008108,-0.008257,-0.008406,-0.008556,-0.008704,-0.008849,-0.00899,-0.009125,-0.009254,-0.009376,-0.009489,-0.009594,-0.009689,-0.009775,-0.009852,-0.00992,-0.00998,-0.01003,-0.01008,-0.01012,-0.01016,-0.01019,-0.01022,-0.01026,-0.01029,-0.01032,-0.01036,-0.0104,-0.01044,-0.01048,-0.01053,-0.01058,-0.01063,-0.01068,-0.01073,-0.01078,-0.01083,-0.01088,-0.01093,-0.01097,-0.011,-0.01103,-0.01105,-0.01107,-0.01108,-0.01109,-0.01108,-0.01108,-0.01107,-0.01105,-0.01103,-0.01101,-0.01099,-0.01097,-0.01095,-0.01094,-0.01092,-0.01092,-0.01091,-0.01091,-0.01092,-0.01093,-0.01095,-0.01098,-0.01101,-0.01104,-0.01107,-0.01111,-0.01115,-0.01119,-0.01123,-0.01127,-0.01131,-0.01135,-0.01138,-0.01142,-0.01145,-0.01148,-0.0115,-0.01153,-0.01155,-0.01157,-0.0116,-0.01162,-0.01165,-0.01168,-0.01171,-0.01175,-0.01179,-0.01184,-0.01189,-0.01195,-0.01202,-0.01209,-0.01216,-0.01224,-0.01232,-0.01241,-0.0125,-0.01258,-0.01268,-0.01277,-0.01285,-0.01294,-0.01303,-0.01311,-0.01319,-0.01326,-0.01333,-0.0134,-0.01347,-0.01353,-0.01359,-0.01364,-0.0137,-0.01375,-0.01381,-0.01386,-0.01391,-0.01396,-0.01402,-0.01407,-0.01413,-0.01419,-0.01425,-0.01431,-0.01437,-0.01443,-0.01449,-0.01455,-0.0146,-0.01466,-0.01471,-0.01476,-0.0148,-0.01484,-0.01488,-0.01491,-0.01493,-0.01495,-0.01496,-0.01497,-0.01497,-0.01496,-0.01495,-0.01494,-0.01492,-0.0149,-0.01487,-0.01485,-0.01482,-0.01479,-0.01476,-0.01473,-0.0147,-0.01466,-0.01463,-0.01459,-0.01456,-0.01452,-0.01448,-0.01444,-0.0144,-0.01436,-0.01431,-0.01426,-0.0142,-0.01414,-0.01408,-0.01402,-0.01395,-0.01387,-0.01379,-0.01371,-0.01363,-0.01354,-0.01345,-0.01336,-0.01326,-0.01317,-0.01307,-0.01298,-0.01288,-0.01279,-0.01269,-0.0126,-0.01251,-0.01242,-0.01233,-0.01224,-0.01215,-0.01207,-0.01198,-0.0119,-0.01181,-0.01173,-0.01164,-0.01156,-0.01147,-0.01138,-0.01129,-0.0112,-0.01111,-0.01101,-0.01092,-0.01082,-0.01073,-0.01063,-0.01054,-0.01044,-0.01035,-0.01026,-0.01017,-0.01008,-0.01,-0.009919,-0.009841,-0.009766,-0.009696,-0.009628,-0.009564,-0.009503,-0.009446,-0.009391,-0.009339,-0.009289,-0.009241,-0.009195,-0.00915,-0.009107,-0.009065,-0.009024,-0.008984,-0.008944,-0.008906,-0.008868,-0.008831,-0.008796,-0.008762,-0.00873,-0.008699,-0.008671,-0.008646,-0.008623,-0.008604,-0.008588,-0.008575,-0.008566,-0.008561,-0.00856,-0.008563,-0.008569,-0.008578,-0.008591,-0.008608,-0.008627,-0.008648,-0.008672,-0.008698,-0.008726,-0.008756,-0.008787,-0.008819,-0.008852,-0.008887,-0.008922,-0.008959,-0.008996,-0.009035,-0.009076,-0.009118,-0.009162,-0.009208,-0.009256,-0.009307,-0.009361,-0.009417,-0.009476,-0.009539,-0.009604,-0.009673,-0.009745,-0.00982,-0.009898,-0.009978,-0.01006,-0.01015,-0.01023,-0.01032,-0.01041,-0.0105,-0.01059,-0.01069,-0.01078,-0.01087,-0.01097,-0.01106,-0.01115,-0.01124,-0.01134,-0.01143,-0.01152,-0.01161,-0.01171,-0.0118,-0.01189,-0.01199,-0.01208,-0.01218,-0.01228,-0.01237,-0.01247,-0.01257,-0.01267,-0.01277,-0.01287,-0.01297,-0.01307,-0.01317,-0.01327,-0.01337,-0.01347,-0.01357,-0.01366,-0.01376,-0.01385,-0.01394,-0.01403,-0.01411,-0.0142,-0.01428,-0.01436,-0.01444,-0.01452,-0.0146,-0.01467,-0.01475,-0.01482,-0.01489,-0.01496,-0.01504,-0.01511,-0.01518,-0.01525,-0.01532,-0.01539,-0.01546,-0.01552,-0.01559,-0.01566,-0.01572,-0.01579,-0.01585,-0.01592,-0.01598,-0.01604,-0.0161,-0.01615,-0.01621,-0.01626,-0.01632,-0.01637,-0.01642,-0.01647,-0.01652,-0.01657,-0.01662,-0.01667,-0.01672,-0.01677,-0.01683,-0.01688,-0.01693,-0.01699,-0.01705,-0.0171,-0.01716,-0.01723,-0.01729,-0.01735,-0.01742,-0.01749,-0.01756,-0.01763,-0.0177,-0.01777,-0.01785,-0.01792,-0.018,-0.01808,-0.01816,-0.01824,-0.01832,-0.0184,-0.01849,-0.01857,-0.01866,-0.01875,-0.01885,-0.01894,-0.01904,-0.01914,-0.01925,-0.01935,-0.01946,-0.01958,-0.01969,-0.01981,-0.01993,-0.02006,-0.02018,-0.02031,-0.02044,-0.02058,-0.02071,-0.02085,-0.02098,-0.02112,-0.02126,-0.0214,-0.02155,-0.02169,-0.02183,-0.02197,-0.02212,-0.02226,-0.02241,-0.02255,-0.0227,-0.02284,-0.02299,-0.02314,-0.02329,-0.02344,-0.02359,-0.02374,-0.0239,-0.02405,-0.02421,-0.02436,-0.02452,-0.02468,-0.02484,-0.025,-0.02516,-0.02532,-0.02548,-0.02564,-0.0258,-0.02596,-0.02612,-0.02629,-0.02645,-0.02661,-0.02677,-0.02693,-0.02709,-0.02725,-0.02741,-0.02757,-0.02773,-0.02789,-0.02806,-0.02822,-0.02839,-0.02856,-0.02873,-0.0289,-0.02907,-0.02925,-0.02943,-0.02961,-0.02979,-0.02997,-0.03015,-0.03034,-0.03053,-0.03072,-0.03091,-0.0311,-0.0313,-0.03149,-0.03169,-0.03189,-0.03209,-0.03229,-0.0325,-0.0327,-0.03291,-0.03312,-0.03334,-0.03355,-0.03377,-0.03399,-0.03421,-0.03444,-0.03467,-0.03491,-0.03514,-0.03538,-0.03563,-0.03588,-0.03613,-0.03638,-0.03664,-0.0369,-0.03717,-0.03744,-0.03771,-0.03798,-0.03826,-0.03854,-0.03883,-0.03911,-0.0394,-0.03969,-0.03999,-0.04028,-0.04058,-0.04089,-0.04119,-0.0415,-0.04181,-0.04213,-0.04245,-0.04277,-0.04309,-0.04342,-0.04375,-0.04408,-0.04442,-0.04476,-0.0451,-0.04545,-0.0458,-0.04615,-0.04651,-0.04686,-0.04722,-0.04759,-0.04795,-0.04832,-0.04869,-0.04906,-0.04943,-0.0498,-0.05018,-0.05055,-0.05093,-0.05131,-0.05169,-0.05208,-0.05246,-0.05285,-0.05324,-0.05363,-0.05402,-0.05442,-0.05481,-0.05521,-0.05561,-0.05602,-0.05642,-0.05683,-0.05724,-0.05765,-0.05806,-0.05848,-0.05889,-0.05931,-0.05973,-0.06016,-0.06058,-0.06101,-0.06143,-0.06186,-0.06229,-0.06272,-0.06316,-0.06359,-0.06403,-0.06447,-0.06491,-0.06535,-0.06579,-0.06624,-0.06669,-0.06714,-0.06759,-0.06805,-0.06851,-0.06897,-0.06943,-0.06989,-0.07036,-0.07083,-0.07131,-0.07178,-0.07226,-0.07274,-0.07323,-0.07371,-0.0742,-0.07469,-0.07518,-0.07568,-0.07617,-0.07667,-0.07717,-0.07767,-0.07818,-0.07868,-0.07919,-0.0797,-0.08021,-0.08072,-0.08124,-0.08176,-0.08227,-0.08279,-0.08331,-0.08384,-0.08436,-0.08489,-0.08542,-0.08595,-0.08648,-0.08701,-0.08754,-0.08808,-0.08861,-0.08915,-0.08968,-0.09022,-0.09075,-0.09129,-0.09183,-0.09236,-0.0929,-0.09343,-0.09397,-0.0945,-0.09504,-0.09557,-0.0961,-0.09663,-0.09716,-0.09769,-0.09822,-0.09874,-0.09927,-0.09979,-0.1003,-0.1008,-0.1014,-0.1019,-0.1024,-0.1029,-0.1034,-0.1039,-0.1045,-0.105,-0.1055,-0.106,-0.1065,-0.107,-0.1075,-0.108,-0.1085,-0.109,-0.1095,-0.11,-0.1105,-0.1109,-0.1114,-0.1119,-0.1124,-0.1129,-0.1134,-0.1139,-0.1143,-0.1148,-0.1153,-0.1158
Heave,2.9e-06,1.102e-05,2.301e-05,3.695e-05,5.045e-05,6.092e-05,6.586e-05,6.306e-05,5.069e-05,2.744e-05,-7.519e-06,-5.452e-05,-0.0001135,-0.0001841,-0.0002658,-0.0003577,-0.000459,-0.0005688,-0.000686,-0.0008092,-0.0009372,-0.001068,-0.001201,-0.001333,-0.001463,-0.00159,-0.001712,-0.001828,-0.00194,-0.002047,-0.002151,-0.002253,-0.002356,-0.002464,-0.002578,-0.002701,-0.002836,-0.002984,-0.003146,-0.003323,-0.003515,-0.00372,-0.003936,-0.004161,-0.004394,-0.00463,-0.004869,-0.005106,-0.005341,-0.00557,-0.005793,-0.006007,-0.006213,-0.006409,-0.006594,-0.00677,-0.006935,-0.007092,-0.007241,-0.007384,-0.007522,-0.007657,-0.007792,-0.007927,-0.008066,-0.008209,-0.008357,-0.00851,-0.008668,-0.008831,-0.008995,-0.009161,-0.009323,-0.009481,-0.00963,-0.009769,-0.009894,-0.01,-0.01009,-0.01017,-0.01022,-0.01025,-0.01027,-0.01027,-0.01025,-0.01021,-0.01016,-0.0101,-0.01003,-0.009946,-0.009857,-0.009761,-0.00966,-0.009553,-0.009442,-0.009326,-0.009204,-0.009075,-0.008937,-0.008788,-0.008627,-0.008449,-0.008254,-0.008037,-0.007798,-0.007533,-0.007242,-0.006923,-0.006577,-0.006203,-0.005802,-0.005377,-0.004929,-0.004459,-0.003971,-0.003467,-0.002948,-0.002417,-0.001876,-0.001325,-0.0007653,-0.0001971,0.0003799,0.0009665,0.001564,0.002173,0.002796,0.003436,0.004092,0.004769,0.005467,0.006188,0.006934,0.007705,0.008502,0.009324,0.01017,0.01104,0.01193,0.01285,0.01377,0.01472,0.01567,0.01664,0.01761,0.01858,0.01955,0.02053,0.0215,0.02247,0.02344,0.02441,0.02537,0.02634,0.02731,0.02828,0.02926,0.03025,0.03124,0.03224,0.03325,0.03427,0.03529,0.03632,0.03736,0.03841,0.03945,0.04049,0.04153,0.04256,0.04358,0.04459,0.04558,0.04656,0.04751,0.04845,0.04936,0.05025,0.05112,0.05197,0.0528,0.05361,0.0544,0.05518,0.05595,0.0567,0.05744,0.05817,0.05888,0.05958,0.06028,0.06095,0.06161,0.06226,0.06288,0.06349,0.06407,0.06463,0.06516,0.06567,0.06614,0.06659,0.06701,0.06741,0.06777,0.06811,0.06842,0.06871,0.06899,0.06924,0.06947,0.06969,0.06989,0.07008,0.07026,0.07043,0.07058,0.07073,0.07085,0.07097,0.07107,0.07116,0.07123,0.07129,0.07132,0.07134,0.07134,0.07132,0.07128,0.07123,0.07116,0.07108,0.07098,0.07088,0.07076,0.07064,0.07052,0.0704,0.07028,0.07016,0.07005,0.06994,0.06984,0.06975,0.06967,0.06959,0.06953,0.06947,0.06942,0.06937,0.06933,0.06929,0.06927,0.06924,0.06922,0.06921,0.06921,0.06921,0.06923,0.06926,0.0693,0.06936,0.06944,0.06955,0.06967,0.06982,0.07001,0.07022,0.07046,0.07073,0.07103,0.07137,0.07174,0.07214,0.07257,0.07303,0.07352,0.07404,0.07459,0.07516,0.07576,0.07639,0.07705,0.07773,0.07844,0.07918,0.07995,0.08076,0.08159,0.08246,0.08337,0.08432,0.0853,0.08632,0.08739,0.08849,0.08963,0.09082,0.09204,0.0933,0.0946,0.09593,0.0973,0.0987,0.1001,0.1016,0.1031,0.1046,0.1061,0.1077,0.1093,0.1109,0.1125,0.1142,0.1158,0.1175,0.1193,0.121,0.1228,0.1246,0.1264,0.1282,0.1301,0.132,0.1339,0.1358,0.1377,0.1397,0.1416,0.1436,0.1456,0.1476,0.1495,0.1515,0.1535,0.1555,0.1575,0.1594,0.1614,0.1633,0.1653,0.1672,0.1692,0.1711,0.173,0.1749,0.1768,0.1786,0.1805,0.1824,0.1842,0.186,0.1878,0.1896,0.1914,0.1932,0.1949,0.1966,0.1983,0.1999,0.2016,0.2031,0.2047,0.2062,0.2077,0.2092,0.2106,0.212,0.2133,0.2146,0.2159,0.2172,0.2184,0.2196,0.2207,0.2219,0.223,0.2241,0.2251,0.2261,0.2271,0.2281,0.229,0.2299,0.2307,0.2316,0.2324,0.2332,0.2339,0.2346,0.2353,0.2359,0.2366,0.2372,0.2378,0.2383,0.2388,0.2394,0.2399,0.2403,0.2408,0.2413,0.2417,0.2422,0.2426,0.243,0.2435,0.2439,0.2443,0.2447,0.2452,0.2456,0.246,0.2464,0.2469,0.2473,0.2477,0.2482,0.2486,0.2491,0.2496,0.25,0.2505,0.251,0.2516,0.2521,0.2527,0.2533,0.2539,0.2546,0.2552,0.256,0.2567,0.2575,0.2583,0.2591,0.26,0.2609,0.2618,0.2628,0.2638,0.2648,0.2659,0.267,0.2681,0.2693,0.2705,0.2717,0.273,0.2743,0.2756,0.277,0.2784,0.2798,0.2813,0.2828,0.2844,0.286,0.2876,0.2893,0.291,0.2927,0.2945,0.2963,0.2981,0.3,0.3019,0.3038,0.3058,0.3077,0.3097,0.3117,0.3138,0.3158,0.3179,0.32,0.3221,0.3242,0.3263,0.3285,0.3306,0.3328,0.335,0.3372,0.3394,0.3416,0.3439,0.3461,0.3483,0.3506,0.3528,0.3551,0.3573,0.3595,0.3617,0.364,0.3662,0.3684,0.3705,0.3727,0.3748,0.3769,0.3791,0.3811,0.3832,0.3853,0.3873,0.3893,0.3913,0.3933,0.3953,0.3972,0.3991,0.401,0.4029,0.4048,0.4066,0.4084,0.4102,0.412,0.4138,0.4155,0.4172,0.4188,0.4205,0.4221,0.4236,0.4252,0.4267,0.4282,0.4296,0.431,0.4324,0.4338,0.4351,0.4365,0.4377,0.439,0.4403,0.4415,0.4427,0.4439,0.445,0.4462,0.4473,0.4484,0.4495,0.4505,0.4516,0.4526,0.4535,0.4545,0.4554,0.4563,0.4572,0.458,0.4589,0.4597,0.4605,0.4613,0.462,0.4628,0.4635,0.4642,0.465,0.4657,0.4664,0.4671,0.4677,0.4684,0.4691,0.4698,0.4704,0.4711,0.4717,0.4724,0.473,0.4736,0.4743,0.4749,0.4755,0.4761,0.4767,0.4773,0.478,0.4786,0.4792,0.4798,0.4805,0.4811,0.4818,0.4825,0.4832,0.4839,0.4846,0.4854,0.4861,0.4869,0.4877,0.4885,0.4894,0.4903,0.4911,0.4921,0.493,0.4939,0.4949,0.4959,0.4969,0.498,0.499,0.5001,0.5012,0.5024,0.5036,0.5048,0.506,0.5073,0.5086,0.5099,0.5113,0.5127,0.5142,0.5157,0.5172,0.5188,0.5204,0.522,0.5237,0.5254,0.5271,0.5289,0.5307,0.5325,0.5343,0.5362,0.5381,0.54,0.542,0.544,0.546,0.548,0.5501,0.5522,0.5543,0.5565,0.5587,0.5609,0.5631,0.5654,0.5677,0.57,0.5723,0.5746,0.577,0.5794,0.5818,0.5842,0.5866,0.589,0.5914,0.5938,0.5963,0.5987,0.6012,0.6036,0.606,0.6085,0.6109,0.6133,0.6158,0.6182,0.6206,0.6231,0.6255,0.6279,0.6303,0.6327,0.6351,0.6374,0.6398,0.6421,0.6445,0.6468,0.649,0.6513,0.6535,0.6558,0.6579,0.6601,0.6622,0.6643,0.6664,0.6685,0.6705,0.6725,0.6745,0.6764,0.6783,0.6802,0.6821,0.6839,0.6857,0.6875,0.6893,0.691,0.6927,0.6944,0.6961,0.6977,0.6993,0.7009,0.7024,0.7039,0.7054,0.7069,0.7083,0.7097,0.7111,0.7124,0.7137,0.715,0.7163,0.7176,0.7188,0.7201,0.7213,0.7225,0.7236,0.7248,0.726,0.7271,0.7282,0.7294,0.7305,0.7316,0.7327,0.7338,0.7348,0.7359,0.737,0.738,0.7391,0.7401,0.7412,0.7422,0.7433,0.7443,0.7453,0.7464,0.7474,0.7485,0.7495,0.7506,0.7516,0.7527,0.7538,0.7549,0.756,0.7571,0.7582,0.7594,0.7605,0.7617,0.7628,0.764,0.7652,0.7664,0.7676,0.7688,0.77,0.7712,0.7725,0.7737,0.775,0.7762,0.7775,0.7788,0.7801,0.7814,0.7828,0.7841,0.7855,0.7868,0.7882,0.7896,0.791,0.7924,0.7938,0.7953,0.7967,0.7982,0.7996,0.8011,0.8026,0.8041,0.8056,0.8071,0.8086,0.8101
Pitch,-1.438e-05,-5.64e-05,-0.0001225,-0.000209,-0.0003078,-0.0004092,-0.0005012,-0.0005697,-0.0005992,-0.000573,-0.000474,-0.0002854,8.518e-06,0.0004215,0.0009646,0.001646,0.002468,0.003431,0.00453,0.005753,0.007087,0.00851,0.009999,0.01153,0.01306,0.01458,0.01604,0.01741,0.01866,0.01976,0.02069,0.02142,0.02194,0.02223,0.02229,0.02212,0.02172,0.0211,0.02028,0.01928,0.01812,0.01682,0.01541,0.01392,0.01238,0.01081,0.009238,0.007679,0.006153,0.004673,0.003245,0.001875,0.0005592,-0.0007061,-0.001931,-0.003128,-0.004312,-0.005502,-0.006714,-0.007968,-0.009281,-0.01067,-0.01215,-0.01372,-0.0154,-0.01719,-0.01909,-0.02109,-0.02317,-0.02534,-0.02756,-0.02981,-0.03208,-0.03433,-0.03654,-0.03869,-0.04074,-0.04268,-0.04448,-0.04612,-0.04759,-0.04888,-0.04998,-0.05088,-0.05158,-0.05209,-0.05242,-0.05258,-0.05257,-0.05241,-0.05211,-0.05169,-0.05116,-0.05053,-0.04981,-0.04901,-0.04812,-0.04716,-0.04611,-0.04498,-0.04375,-0.04241,-0.04095,-0.03934,-0.03758,-0.03564,-0.03351,-0.03118,-0.02861,-0.02582,-0.02277,-0.01946,-0.0159,-0.01208,-0.007998,-0.003666,0.0009094,0.005714,0.01074,0.01595,0.02136,0.02692,0.03263,0.03846,0.0444,0.05043,0.05654,0.06272,0.06895,0.07524,0.08158,0.08797,0.0944,0.1009,0.1074,0.1141,0.1207,0.1275,0.1344,0.1413,0.1484,0.1555,0.1628,0.1701,0.1776,0.1851,0.1927,0.2004,0.2081,0.2159,0.2237,0.2316,0.2394,0.2471,0.2548,0.2625,0.2701,0.2776,0.2849,0.2922,0.2993,0.3063,0.3132,0.3199,0.3265,0.3329,0.3393,0.3455,0.3516,0.3576,0.3634,0.3692,0.3749,0.3805,0.386,0.3914,0.3966,0.4018,0.4069,0.4119,0.4167,0.4214,0.4259,0.4303,0.4345,0.4385,0.4423,0.4459,0.4492,0.4523,0.4552,0.4579,0.4603,0.4625,0.4644,0.4661,0.4676,0.4688,0.4699,0.4707,0.4714,0.4719,0.4722,0.4724,0.4724,0.4722,0.472,0.4716,0.4711,0.4704,0.4697,0.4688,0.4678,0.4666,0.4654,0.464,0.4624,0.4607,0.4589,0.4569,0.4548,0.4525,0.4501,0.4475,0.4448,0.4419,0.439,0.4359,0.4327,0.4294,0.4261,0.4227,0.4192,0.4157,0.4122,0.4086,0.405,0.4015,0.3979,0.3944,0.3909,0.3874,0.384,0.3806,0.3772,0.3738,0.3705,0.3672,0.364,0.3607,0.3575,0.3544,0.3513,0.3482,0.3451,0.3421,0.3392,0.3363,0.3334,0.3307,0.328,0.3254,0.323,0.3206,0.3184,0.3162,0.3143,0.3124,0.3108,0.3093,0.3079,0.3067,0.3057,0.3049,0.3042,0.3037,0.3033,0.3032,0.3031,0.3033,0.3036,0.304,0.3046,0.3053,0.3062,0.3072,0.3083,0.3096,0.311,0.3126,0.3143,0.3162,0.3182,0.3204,0.3228,0.3253,0.328,0.3308,0.3339,0.3371,0.3405,0.3441,0.3478,0.3517,0.3558,0.3601,0.3645,0.3691,0.3738,0.3787,0.3837,0.3889,0.3941,0.3995,0.405,0.4106,0.4163,0.422,0.4279,0.4339,0.4399,0.446,0.4523,0.4586,0.4649,0.4714,0.4779,0.4846,0.4913,0.4981,0.5049,0.5119,0.5189,0.526,0.5331,0.5403,0.5476,0.5549,0.5623,0.5697,0.5771,0.5845,0.592,0.5994,0.6068,0.6142,0.6216,0.629,0.6364,0.6437,0.6509,0.6581,0.6653,0.6725,0.6795,0.6866,0.6935,0.7005,0.7074,0.7142,0.721,0.7277,0.7344,0.741,0.7476,0.7541,0.7605,0.7669,0.7732,0.7795,0.7856,0.7917,0.7977,0.8037,0.8095,0.8152,0.8208,0.8264,0.8318,0.8371,0.8423,0.8474,0.8524,0.8573,0.862,0.8667,0.8713,0.8758,0.8802,0.8845,0.8887,0.8928,0.8969,0.9008,0.9047,0.9086,0.9123,0.916,0.9197,0.9232,0.9267,0.9302,0.9335,0.9368,0.9401,0.9433,0.9464,0.9494,0.9524,0.9553,0.9582,0.961,0.9637,0.9664,0.9691,0.9717,0.9743,0.9768,0.9793,0.9818,0.9843,0.9867,0.9892,0.9916,0.994,0.9965,0.999,1.001,1.004,1.006,1.009,1.012,1.014,1.017,1.019,1.022,1.025,1.027,1.03,1.033,1.036,1.039,1.042,1.045,1.048,1.051,1.054,1.057,1.06,1.063,1.067,1.07,1.073,1.077,1.081,1.084,1.088,1.092,1.096,1.1,1.104,1.108,1.112,1.117,1.121,1.126,1.13,1.135,1.139,1.144,1.149,1.154,1.159,1.164,1.169,1.174,1.179,1.185,1.19,1.195,1.201,1.206,1.212,1.217,1.223,1.229,1.234,1.24,1.246,1.252,1.258,1.264,1.27,1.276,1.282,1.288,1.294,1.3,1.306,1.312,1.318,1.324,1.33,1.336,1.342,1.348,1.354,1.36,1.366,1.372,1.378,1.384,1.389,1.395,1.401,1.407,1.412,1.418,1.423,1.429,1.434,1.44,1.445,1.45,1.455,1.46,1.465,1.47,1.475,1.48,1.485,1.489,1.494,1.498,1.502,1.506,1.51,1.514,1.518,1.522,1.525,1.529,1.532,1.535,1.538,1.541,1.544,1.547,1.549,1.552,1.554,1.557,1.559,1.561,1.563,1.564,1.566,1.568,1.569,1.57,1.572,1.573,1.574,1.574,1.575,1.576,1.576,1.577,1.577,1.577,1.578,1.578,1.578,1.578,1.577,1.577,1.577,1.576,1.576,1.575,1.575,1.574,1.574,1.573,1.572,1.572,1.571,1.57,1.569,1.569,1.568,1.567,1.566,1.566,1.565,1.564,1.563,1.563,1.562,1.561,1.561,1.56,1.56,1.559,1.559,1.558,1.558,1.558,1.558,1.557,1.557,1.557,1.558,1.558,1.558,1.559,1.559,1.56,1.561,1.562,1.563,1.564,1.565,1.566,1.568,1.569,1.571,1.573,1.575,1.577,1.579,1.581,1.584,1.586,1.589,1.592,1.595,1.598,1.601,1.604,1.608,1.611,1.615,1.619,1.623,1.627,1.632,1.636,1.64,1.645,1.65,1.655,1.66,1.665,1.67,1.676,1.681,1.687,1.693,1.698,1.704,1.71,1.716,1.723,1.729,1.735,1.742,1.748,1.755,1.761,1.768,1.775,1.782,1.789,1.796,1.803,1.81,1.817,1.824,1.832,1.839,1.846,1.854,1.861,1.868,1.876,1.883,1.891,1.898,1.906,1.913,1.921,1.928,1.936,1.943,1.95,1.958,1.965,1.972,1.98,1.987,1.994,2.001,2.008,2.015,2.023,2.03,2.036,2.043,2.05,2.057,2.064,2.07,2.077,2.083,2.09,2.096,2.103,2.109,2.115,2.121,2.127,2.133,2.139,2.144,2.15,2.155,2.161,2.166,2.171,2.177,2.182,2.187,2.192,2.196,2.201,2.206,2.21,2.214,2.219,2.223,2.227,2.231,2.235,2.239,2.242,2.246,2.25,2.253,2.256,2.26,2.263,2.266,2.269,2.272,2.275,2.277,2.28,2.283,2.285,2.288,2.29,2.292,2.294,2.296,2.298,2.3,2.302,2.304,2.306,2.307,2.309,2.311,2.312,2.314,2.315,2.316,2.318,2.319,2.32,2.322,2.323,2.324,2.325,2.326,2.327,2.328,2.329,2.33,2.331,2.332,2.333,2.333,2.334,2.335,2.336,2.337,2.337,2.338,2.339
Roll,2.839e-12,-1.088e-07,-6.835e-07,-2.186e-06,-5.08e-06,-9.789e-06,-1.662e-05,-2.573e-05,-3.71e-05,-5.057e-05,-6.584e-05,-8.256e-05,-0.0001004,-0.0001189,-0.0001381,-0.0001576,-0.0001776,-0.0001981,-0.0002192,-0.0002411,-0.0002637,-0.0002869,-0.0003105,-0.0003342,-0.0003572,-0.0003791,-0.0003989,-0.0004159,-0.0004294,-0.0004387,-0.0004433,-0.0004427,-0.0004365,-0.0004247,-0.0004068,-0.0003829,-0.0003527,-0.000316,-0.0002725,-0.0002219,-0.0001636,-9.727e-05,-2.25e-05,6.112e-05,0.0001539,0.0002561,0.0003677,0.000489,0.0006197,0.0007598,0.0009093,0.001068,0.001236,0.001414,0.001601,0.001798,0.002005,0.002223,0.002452,0.002692,0.002945,0.003209,0.003485,0.003774,0.004075,0.004388,0.004714,0.005051,0.005401,0.005763,0.006138,0.006524,0.006923,0.007335,0.007759,0.008196,0.008645,0.009107,0.009581,0.01007,0.01057,0.01108,0.0116,0.01213,0.01267,0.01323,0.0138,0.01437,0.01496,0.01556,0.01617,0.01679,0.01743,0.01807,0.01872,0.01939,0.02006,0.02074,0.02144,0.02214,0.02284,0.02356,0.02428,0.02501,0.02575,0.0265,0.02725,0.02801,0.02877,0.02954,0.03032,0.0311,0.03189,0.03268,0.03348,0.03428,0.03508,0.03589,0.0367,0.03751,0.03833,0.03915,0.03997,0.04079,0.04162,0.04245,0.04327,0.0441,0.04493,0.04575,0.04658,0.0474,0.04823,0.04905,0.04987,0.05068,0.0515,0.05231,0.05312,0.05392,0.05472,0.05552,0.05632,0.05711,0.0579,0.05868,0.05947,0.06024,0.06102,0.06179,0.06255,0.06331,0.06407,0.06482,0.06556,0.0663,0.06704,0.06777,0.06849,0.06921,0.06992,0.07063,0.07133,0.07203,0.07272,0.0734,0.07408,0.07475,0.07541,0.07608,0.07673,0.07738,0.07803,0.07868,0.07931,0.07995,0.08058,0.08121,0.08183,0.08246,0.08308,0.08369,0.08431,0.08492,0.08553,0.08614,0.08674,0.08735,0.08795,0.08855,0.08915,0.08975,0.09034,0.09093,0.09152,0.09211,0.0927,0.09329,0.09387,0.09445,0.09503,0.09561,0.09618,0.09675,0.09733,0.09789,0.09846,0.09903,0.09959,0.1002,0.1007,0.1013,0.1018,0.1024,0.1029,0.1035,0.104,0.1046,0.1051,0.1056,0.1062,0.1067,0.1072,0.1078,0.1083,0.1088,0.1093,0.1098,0.1104,0.1109,0.1114,0.1119,0.1124,0.1129,0.1133,0.1138,0.1143,0.1148,0.1152,0.1157,0.1162,0.1166,0.1171,0.1175,0.118,0.1184,0.1188,0.1192,0.1197,0.1201,0.1205,0.1209,0.1213,0.1217,0.1221,0.1225,0.1228,0.1232,0.1236,0.1239,0.1243,0.1247,0.125,0.1254,0.1257,0.126,0.1264,0.1267,0.127,0.1273,0.1276,0.1279,0.1283,0.1285,0.1288,0.1291,0.1294,0.1297,0.13,0.1302,0.1305,0.1308,0.131,0.1313,0.1315,0.1318,0.132,0.1323,0.1325,0.1327,0.133,0.1332,0.1334,0.1336,0.1338,0.1341,0.1343,0.1345,0.1347,0.1349,0.1351,0.1353,0.1355,0.1357,0.1359,0.1361,0.1363,0.1365,0.1367,0.1368,0.137,0.1372,0.1374,0.1376,0.1378,0.138,0.1382,0.1383,0.1385,0.1387,0.1389,0.1391,0.1393,0.1395,0.1397,0.1398,0.14,0.1402,0.1404,0.1406,0.1408,0.141,0.1412,0.1414,0.1416,0.1418,0.142,0.1422,0.1424,0.1427,0.1429,0.1431,0.1433,0.1436,0.1438,0.144,0.1443,0.1445,0.1448,0.145,0.1453,0.1455,0.1458,0.146,0.1463,0.1466,0.1469,0.1471,0.1474,0.1477,0.148,0.1483,0.1486,0.1489,0.1493,0.1496,0.1499,0.1503,0.1506,0.151,0.1513,0.1517,0.152,0.1524,0.1528,0.1532,0.1536,0.154,0.1544,0.1548,0.1553,0.1557,0.1561,0.1566,0.157,0.1575,0.158,0.1584,0.1589,0.1594,0.1599,0.1604,0.161,0.1615,0.162,0.1626,0.1631,0.1637,0.1642,0.1648,0.1654,0.166,0.1666,0.1672,0.1678,0.1684,0.169,0.1697,0.1703,0.171,0.1716,0.1723,0.173,0.1737,0.1744,0.1751,0.1758,0.1765,0.1772,0.1779,0.1787,0.1794,0.1802,0.181,0.1817,0.1825,0.1833,0.1841,0.1849,0.1857,0.1865,0.1873,0.1881,0.189,0.1898,0.1906,0.1915,0.1923,0.1932,0.1941,0.1949,0.1958,0.1967,0.1976,0.1985,0.1994,0.2003,0.2012,0.2021,0.203,0.2039,0.2048,0.2058,0.2067,0.2076,0.2086,0.2095,0.2105,0.2114,0.2124,0.2133,0.2143,0.2153,0.2162,0.2172,0.2182,0.2191,0.2201,0.2211,0.222,0.223,0.224,0.225,0.226,0.2269,0.2279,0.2289,0.2299,0.2309,0.2319,0.2329,0.2339,0.2349,0.2358,0.2368,0.2378,0.2388,0.2398,0.2408,0.2418,0.2428,0.2439,0.2449,0.2459,0.2469,0.2479,0.2489,0.25,0.251,0.252,0.253,0.2541,0.2551,0.2561,0.2572,0.2582,0.2593,0.2603,0.2614,0.2624,0.2635,0.2645,0.2656,0.2666,0.2676,0.2687,0.2697,0.2708,0.2718,0.2729,0.2739,0.275,0.276,0.277,0.2781,0.2791,0.2801,0.2812,0.2822,0.2832,0.2842,0.2853,0.2863,0.2873,0.2883,0.2893,0.2902,0.2912,0.2922,0.2932,0.2941,0.2951,0.296,0.297,0.2979,0.2988,0.2997,0.3006,0.3015,0.3024,0.3033,0.3042,0.3051,0.3059,0.3068,0.3076,0.3085,0.3093,0.3101,0.3109,0.3117,0.3125,0.3133,0.3141,0.3148,0.3156,0.3164,0.3171,0.3178,0.3185,0.3193,0.32,0.3207,0.3214,0.3221,0.3227,0.3234,0.3241,0.3247,0.3254,0.326,0.3267,0.3273,0.3279,0.3285,0.3291,0.3297,0.3303,0.3309,0.3315,0.3321,0.3327,0.3332,0.3338,0.3343,0.3349,0.3354,0.336,0.3365,0.337,0.3376,0.3381,0.3386,0.3391,0.3396,0.3401,0.3406,0.3411,0.3416,0.3421,0.3426,0.343,0.3435,0.344,0.3445,0.3449,0.3454,0.3459,0.3463,0.3468,0.3472,0.3477,0.3482,0.3486,0.3491,0.3495,0.35,0.3504,0.3509,0.3513,0.3518,0.3522,0.3527,0.3531,0.3536,0.354,0.3545,0.3549,0.3554,0.3559,0.3563,0.3568,0.3573,0.3577,0.3582,0.3587,0.3592,0.3596,0.3601,0.3606,0.3611,0.3616,0.3621,0.3626,0.3631,0.3636,0.3641,0.3647,0.3652,0.3657,0.3663,0.3668,0.3674,0.3679,0.3685,0.3691,0.3696,0.3702,0.3708,0.3714,0.372,0.3726,0.3732,0.3739,0.3745,0.3751,0.3758,0.3764,0.3771,0.3778,0.3785,0.3791,0.3798,0.3805,0.3813,0.382,0.3827,0.3834,0.3842,0.385,0.3857,0.3865,0.3873,0.3881,0.3889,0.3897,0.3905,0.3913,0.3922,0.393,0.3939,0.3947,0.3956,0.3965,0.3973,0.3982,0.3991,0.4001,0.401,0.4019,0.4028,0.4038,0.4047,0.4057,0.4067,0.4076,0.4086,0.4096,0.4106,0.4116,0.4126,0.4137,0.4147,0.4157,0.4168,0.4178,0.4188,0.4199,0.421,0.422,0.4231,0.4242,0.4253,0.4264,0.4275,0.4286,0.4297,0.4308,0.4319,0.433,0.4341,0.4353,0.4364,0.4375,0.4387,0.4398,0.4409,0.4421,0.4432,0.4444,0.4456,0.4467,0.4479,0.449,0.4502,0.4514,0.4525,0.4537,0.4549,0.456,0.4572,0.4584,0.4595,0.4607,0.4619,0.4631,0.4642,0.4654,0.4666,0.4678,0.4689,0.4701,0.4713,0.4725,0.4736,0.4748,0.476,0.4772,0.4783,0.4795,0.4807,0.4819,0.483,0.4842,0.4854,0.4865,0.4877,0.4889,0.4901,0.4912,0.4924,0.4936,0.4947,0.4959,0.4971,0.4983,0.4994,0.5006,0.5018,0.503
Yaw,-447.1,-437.1,-442.1,-488.4,-545.7,-611.7,-677.8,-740.9,-797.1,-843.1,-876.3,-893.7,-893.4,-873.0,-831.3,-767.1,-680.4,-571.1,-440.0,-288.4,-118.0,68.58,268.5,478.1,693.3,909.1,1121.0,1323.0,1512.0,1682.0,1830.0,1954.0,2051.0,2122.0,2167.0,2188.0,2185.0,2163.0,2122.0,2067.0,2000.0,1925.0,1843.0,1759.0,1675.0,1595.0,1521.0,1456.0,1404.0,1364.0,1341.0,1336.0,1349.0,1378.0,1423.0,1480.0,1547.0,1620.0,1694.0,1765.0,1830.0,1885.0,1928.0,1956.0,1971.0,1970.0,1955.0,1927.0,1887.0,1837.0,1778.0,1712.0,1641.0,1566.0,1489.0,1411.0,1335.0,1262.0,1196.0,1137.0,1089.0,1052.0,1028.0,1016.0,1017.0,1030.0,1052.0,1082.0,1115.0,1149.0,1181.0,1209.0,1229.0,1242.0,1245.0,1238.0,1222.0,1197.0,1165.0,1126.0,1082.0,1032.0,979.7,924.3,867.3,809.8,752.8,697.5,645.2,597.2,554.7,519.0,491.2,471.8,461.1,458.7,463.8,475.3,491.4,510.2,529.6,547.7,562.5,572.8,577.3,575.6,567.2,552.6,532.1,506.5,476.4,442.9,406.5,368.1,328.5,288.4,248.4,209.4,171.9,136.7,104.6,76.45,52.93,34.43,20.98,12.67,9.237,10.11,14.58,21.74,30.49,39.8,48.63,55.94,61.18,63.86,63.58,60.26,54.1,45.35,34.27,21.41,7.199,-7.802,-23.06,-38.06,-52.88,-66.28,-77.82,-87.11,-93.6,-96.67,-96.39,-92.62,-85.06,-73.62,-58.3,-39.68,-18.32,4.848,28.58,52.27,75.25,96.79,116.3,133.3,147.4,158.6,166.9,172.4,175.6,176.6,175.8,171.8,165.7,157.4,147.9,137.8,127.7,118.5,110.9,105.2,101.4,99.22,98.69,100.1,102.5,105.6,109.5,113.6,117.8,122.2,126.4,130.7,134.6,138.6,142.6,146.4,149.5,152.3,154.2,155.0,154.6,152.5,148.8,143.2,136.7,129.1,121.2,113.1,105.6,99.07,93.97,90.61,88.62,87.73,87.76,88.66,90.28,92.1,94.08,96.21,98.57,101.3,104.6,108.4,112.9,118.0,123.3,128.4,133.0,137.1,140.4,142.6,143.7,143.5,142.7,141.5,140.2,139.1,138.4,138.3,139.1,140.6,142.9,145.8,149.0,152.5,155.8,158.9,162.0,164.9,167.3,169.4,171.0,172.2,173.2,174.2,175.3,176.5,177.9,179.1,180.1,180.7,180.6,179.8,178.2,175.9,173.3,170.5,168.1,166.5,166.0,166.7,168.8,171.9,176.0,180.7,185.5,189.9,193.3,195.7,196.6,196.0,193.9,190.4,185.7,180.0,173.7,167.0,160.2,153.2,146.1,139.3,132.8,126.7,120.9,115.6,110.7,106.4,102.9,100.2,98.6,98.03,98.74,100.7,103.8,107.7,111.9,116.1,119.7,122.5,124.0,124.1,122.5,119.2,114.3,107.8,99.75,90.65,80.78,70.46,60.05,49.83,40.06,30.98,22.72,15.43,9.246,4.323,0.7273,-1.492,-2.33,-1.844,-0.1556,2.597,6.23,10.52,15.22,20.04,24.66,28.7,31.86,33.91,34.67,34.07,32.05,28.72,24.16,18.54,12.06,4.965,-2.501,-10.08,-17.5,-24.53,-30.93,-36.48,-41.01,-44.26,-46.08,-46.48,-45.48,-43.06,-39.37,-34.53,-28.56,-21.63,-14.0,-5.99,2.112,10.06,17.55,24.28,30.05,34.73,38.24,40.56,41.89,42.44,42.28,41.71,40.98,40.04,39.01,38.1,37.4,37.07,37.29,38.39,40.47,43.54,47.59,52.59,58.46,65.15,72.54,80.52,88.77,97.09,105.5,113.9,122.0,129.6,136.5,142.5,147.5,151.5,154.4,156.2,157.1,157.0,156.1,154.5,152.4,150.1,148.0,146.1,144.3,143.0,142.3,142.4,143.2,144.9,147.6,151.1,155.6,160.8,166.8,173.2,180.1,187.0,193.8,200.1,205.9,210.9,215.0,218.0,219.7,220.2,219.4,217.4,214.2,209.9,204.8,198.9,192.5,185.6,178.6,171.6,164.8,158.4,152.5,147.2,142.6,138.7,135.7,133.4,132.0,131.4,131.4,131.9,132.7,133.6,134.3,134.7,134.6,133.8,132.2,129.9,126.7,122.8,118.2,113.1,107.5,101.5,95.37,89.15,82.99,76.99,71.3,66.05,61.37,57.37,54.12,51.71,50.09,49.36,49.44,50.17,51.41,53.04,54.86,56.59,58.01,58.96,59.34,59.12,58.2,56.57,54.31,51.63,48.55,44.97,40.94,37.03,33.12,29.06,24.96,20.69,16.17,11.53,6.789,2.085,-2.607,-7.186,-11.5,-15.23,-18.19,-20.22,-20.95,-20.43,-18.77,-16.38,-13.4,-9.976,-6.863,-4.153,-2.177,-1.12,-0.7735,-1.607,-3.214,-5.05,-6.96,-8.676,-9.702,-10.42,-10.72,-10.59,-10.11,-9.119,-8.347,-7.892,-7.749,-7.961,-8.341,-8.552,-8.325,-7.45,-5.759,-2.949,0.5247,4.618,9.268,14.17,19.06,23.63,27.75,31.02,33.49,35.19,36.33,37.2,37.96,38.69,39.44,40.26,40.99,41.42,41.33,40.69,39.48,37.76,35.69,33.49,31.36,29.54,28.21,27.56,27.63,28.55,30.16,32.39,35.06,38.01,41.01,43.89,46.56,48.93,51.03,52.89,54.58,56.22,57.86,59.52,61.17,62.7,64.03,65.01,65.5,65.45,64.76,63.46,61.66,59.51,57.18,54.86,52.76,51.12,50.01,49.48,49.55,50.17,51.19,52.42,53.67,54.79,55.72,56.42,56.79,56.85,56.65,56.25,55.7,55.04,54.29,53.43,52.41,51.18,49.65,47.78,45.55,42.96,40.1,37.09,34.14,31.4,29.0,27.06,25.68,24.93,24.82,25.26,26.15,27.3,28.57,29.8,30.83,31.49,31.68,31.39,30.69,29.61,28.25,26.69,24.98,23.16,21.23,19.17,16.96,14.56,11.95,9.14,6.158,3.078,-0.03609,-3.082,-5.958,-8.579,-10.89,-12.87,-14.53,-15.93,-17.18,-18.39,-19.7,-21.25,-23.07,-25.33,-28.06,-31.24,-34.83,-38.73,-42.82,-47.0,-51.12,-55.15,-58.97,-62.54,-65.88,-69.03,-72.03,-74.89,-77.6,-80.14,-82.49,-84.61,-86.47,-88.02,-89.24,-90.17,-90.84,-91.34,-91.75,-92.18,-92.73,-93.52,-94.6,-96.02,-97.78,-99.83,-102.1,-104.5,-106.9,-109.2,-111.3,-113.1,-114.7,-115.8,-116.5,-116.9,-116.8,-116.4,-115.7,-114.6,-113.3,-111.7,-109.9,-107.8,-105.6,-103.2,-100.8,-98.48,-96.32,-94.39,-92.75,-91.47,-90.52,-89.88,-89.49,-89.23,-89.05,-88.78,-88.32,-87.58,-86.49,-84.98,-83.12,-80.9,-78.27,-75.32,-72.02,-68.48,-64.63,-60.62,-56.31,-51.84,-47.13,-42.04,-36.58,-30.77,-24.85,-18.97,-13.29,-8.054,-3.782,-0.5882,1.471,2.607,2.963,2.785,2.485,2.412,2.884,4.236,6.612,10.07,14.67,20.3
T1,2432000.0,2432000.0,2435000.0,2437000.0,2438000.0,2438000.0,2437000.0,2435000.0,2432000.0,2428000.0,2422000.0,2416000.0,2408000.0,2400000.0,2391000.0,2381000.0,2372000.0,2363000.0,2354000.0,2347000.0,2341000.0,2336000.0,2333000.0,2332000.0,2334000.0,2338000.0,2344000.0,2352000.0,2362000.0,2375000.0,2389000.0,2404000.0,2420000.0,2436000.0,2453000.0,2469000.0,2485000.0,2499000.0,2513000.0,2525000.0,2536000.0,2544000.0,2551000.0,2556000.0,2559000.0,2560000.0,2560000.0,2557000.0,2554000.0,2549000.0,2544000.0,2538000.0,2532000.0,2526000.0,2520000.0,2515000.0,2510000.0,2507000.0,2504000.0,2502000.0,2500000.0,2500000.0,2500000.0,2499000.0,2499000.0,2499000.0,2497000.0,2495000.0,2492000.0,2487000.0,2481000.0,2474000.0,2464000.0,2454000.0,2441000.0,2428000.0,2414000.0,2399000.0,2384000.0,2369000.0,2355000.0,2341000.0,2330000.0,2320000.0,2312000.0,2306000.0,2303000.0,2303000.0,2306000.0,2311000.0,2319000.0,2329000.0,2341000.0,2354000.0,2368000.0,2383000.0,2398000.0,2412000.0,2425000.0,2437000.0,2447000.0,2454000.0,2459000.0,2461000.0,2461000.0,2457000.0,2450000.0,2441000.0,2429000.0,2415000.0,2400000.0,2382000.0,2364000.0,2346000.0,2328000.0,2310000.0,2293000.0,2277000.0,2264000.0,2252000.0,2242000.0,2235000.0,2230000.0,2227000.0,2226000.0,2227000.0,2229000.0,2232000.0,2236000.0,2241000.0,2245000.0,2249000.0,2253000.0,2255000.0,2257000.0,2257000.0,2256000.0,2253000.0,2250000.0,2245000.0,2240000.0,2235000.0,2229000.0,2224000.0,2220000.0,2216000.0,2215000.0,2215000.0,2217000.0,2222000.0,2230000.0,2239000.0,2252000.0,2267000.0,2283000.0,2302000.0,2322000.0,2343000.0,2365000.0,2386000.0,2407000.0,2427000.0,2446000.0,2462000.0,2477000.0,2488000.0,2498000.0,2504000.0,2507000.0,2508000.0,2506000.0,2503000.0,2497000.0,2490000.0,2482000.0,2474000.0,2466000.0,2459000.0,2452000.0,2448000.0,2445000.0,2444000.0,2446000.0,2450000.0,2457000.0,2466000.0,2478000.0,2491000.0,2506000.0,2523000.0,2540000.0,2557000.0,2575000.0,2592000.0,2608000.0,2623000.0,2636000.0,2648000.0,2658000.0,2666000.0,2673000.0,2677000.0,2680000.0,2682000.0,2683000.0,2683000.0,2682000.0,2682000.0,2682000.0,2683000.0,2684000.0,2686000.0,2690000.0,2694000.0,2700000.0,2707000.0,2715000.0,2724000.0,2733000.0,2742000.0,2751000.0,2759000.0,2766000.0,2772000.0,2776000.0,2778000.0,2778000.0,2776000.0,2771000.0,2764000.0,2754000.0,2741000.0,2727000.0,2711000.0,2693000.0,2673000.0,2653000.0,2633000.0,2613000.0,2592000.0,2573000.0,2555000.0,2538000.0,2522000.0,2509000.0,2497000.0,2487000.0,2478000.0,2471000.0,2466000.0,2462000.0,2459000.0,2456000.0,2454000.0,2452000.0,2450000.0,2447000.0,2443000.0,2439000.0,2434000.0,2427000.0,2419000.0,2410000.0,2400000.0,2389000.0,2377000.0,2365000.0,2351000.0,2338000.0,2325000.0,2311000.0,2298000.0,2286000.0,2275000.0,2264000.0,2255000.0,2247000.0,2240000.0,2234000.0,2228000.0,2224000.0,2221000.0,2218000.0,2216000.0,2214000.0,2212000.0,2209000.0,2207000.0,2203000.0,2200000.0,2195000.0,2190000.0,2184000.0,2177000.0,2169000.0,2161000.0,2153000.0,2145000.0,2136000.0,2128000.0,2119000.0,2111000.0,2102000.0,2093000.0,2086000.0,2080000.0,2077000.0,2076000.0,2078000.0,2082000.0,2088000.0,2096000.0,2106000.0,2117000.0,2130000.0,2143000.0,2157000.0,2172000.0,2187000.0,2202000.0,2216000.0,2230000.0,2244000.0,2256000.0,2268000.0,2279000.0,2289000.0,2298000.0,2306000.0,2314000.0,2321000.0,2327000.0,2333000.0,2339000.0,2345000.0,2350000.0,2356000.0,2362000.0,2368000.0,2375000.0,2382000.0,2389000.0,2398000.0,2406000.0,2415000.0,2425000.0,2435000.0,2445000.0,2455000.0,2465000.0,2474000.0,2484000.0,2492000.0,2500000.0,2508000.0,2514000.0,2519000.0,2524000.0,2528000.0,2530000.0,2533000.0,2534000.0,2536000.0,2537000.0,2538000.0,2539000.0,2541000.0,2543000.0,2546000.0,2550000.0,2555000.0,2560000.0,2566000.0,2573000.0,2581000.0,2589000.0,2597000.0,2606000.0,2614000.0,2623000.0,2631000.0,2638000.0,2644000.0,2649000.0,2653000.0,2656000.0,2657000.0,2657000.0,2655000.0,2653000.0,2648000.0,2643000.0,2637000.0,2629000.0,2621000.0,2613000.0,2604000.0,2594000.0,2585000.0,2576000.0,2567000.0,2558000.0,2550000.0,2542000.0,2534000.0,2528000.0,2521000.0,2515000.0,2510000.0,2504000.0,2499000.0,2494000.0,2489000.0,2484000.0,2479000.0,2473000.0,2467000.0,2461000.0,2455000.0,2448000.0,2441000.0,2433000.0,2426000.0,2419000.0,2411000.0,2404000.0,2397000.0,2391000.0,2385000.0,2380000.0,2375000.0,2371000.0,2368000.0,2365000.0,2364000.0,2363000.0,2362000.0,2362000.0,2363000.0,2363000.0,2364000.0,2365000.0,2366000.0,2367000.0,2367000.0,2366000.0,2366000.0,2364000.0,2362000.0,2360000.0,2357000.0,2353000.0,2349000.0,2344000.0,2339000.0,2334000.0,2328000.0,2323000.0,2318000.0,2313000.0,2308000.0,2304000.0,2300000.0,2297000.0,2294000.0,2292000.0,2291000.0,2291000.0,2291000.0,2292000.0,2294000.0,2296000.0,2298000.0,2302000.0,2305000.0,2309000.0,2313000.0,2318000.0,2322000.0,2326000.0,2331000.0,2335000.0,2340000.0,2344000.0,2348000.0,2353000.0,2357000.0,2361000.0,2365000.0,2370000.0,2374000.0,2379000.0,2384000.0,2389000.0,2394000.0,2399000.0,2405000.0,2410000.0,2416000.0,2422000.0,2428000.0,2434000.0,2440000.0,2446000.0,2451000.0,2456000.0,2461000.0,2466000.0,2470000.0,2473000.0,2476000.0,2479000.0,2481000.0,2482000.0,2483000.0,2483000.0,2482000.0,2482000.0,2481000.0,2479000.0,2478000.0,2476000.0,2475000.0,2473000.0,2472000.0,2471000.0,2470000.0,2470000.0,2470000.0,2470000.0,2472000.0,2473000.0,2475000.0,2478000.0,2481000.0,2484000.0,2487000.0,2491000.0,2495000.0,2499000.0,2502000.0,2506000.0,2509000.0,2512000.0,2515000.0,2517000.0,2519000.0,2520000.0,2521000.0,2521000.0,2522000.0,2522000.0,2521000.0,2521000.0,2520000.0,2519000.0,2519000.0,2518000.0,2517000.0,2517000.0,2516000.0,2516000.0,2516000.0,2515000.0,2515000.0,2514000.0,2514000.0,2513000.0,2512000.0,2511000.0,2509000.0,2507000.0,2505000.0,2502000.0,2498000.0,2494000.0,2490000.0,2485000.0,2480000.0,2475000.0,2469000.0,2463000.0,2458000.0,2452000.0,2446000.0,2441000.0,2436000.0,2431000.0,2427000.0,2424000.0,2421000.0,2418000.0,2416000.0,2414000.0,2413000.0,2412000.0,2412000.0,2412000.0,2412000.0,2412000.0,2412000.0,2412000.0,2412000.0,2412000.0,2411000.0,2410000.0,2409000.0,2407000.0,2405000.0,2402000.0,2400000.0,2397000.0,2394000.0,2391000.0,2388000.0,2384000.0,2381000.0,2378000.0,2375000.0,2372000.0,2369000.0,2367000.0,2364000.0,2362000.0,2360000.0,2358000.0,2356000.0,2355000.0,2353000.0,2351000.0,2349000.0,2347000.0,2345000.0,2343000.0,2341000.0,2338000.0,2335000.0,2332000.0,2329000.0,2326000.0,2323000.0,2320000.0,2316000.0,2313000.0,2310000.0,2308000.0,2305000.0,2303000.0,2301000.0,2300000.0,2298000.0,2298000.0,2297000.0,2297000.0,2297000.0,2297000.0,2298000.0,2299000.0,2300000.0,2301000.0,2302000.0,2303000.0,2305000.0,2306000.0,2307000.0,2307000.0,2308000.0,2308000.0,2309000.0,2309000.0,2309000.0,2308000.0,2308000.0,2307000.0,2307000.0,2306000.0,2306000.0,2305000.0,2304000.0,2304000.0,2304000.0,2303000.0,2303000.0,2304000.0,2304000.0,2305000.0,2306000.0,2307000.0,2308000.0,2310000.0,2312000.0,2314000.0,2316000.0,2319000.0,2322000.0,2325000.0,2328000.0,2331000.0,2334000.0,2338000.0,2341000.0,2345000.0,2348000.0,2352000.0,2356000.0,2360000.0,2364000.0,2368000.0,2373000.0,2377000.0,2382000.0,2387000.0,2391000.0,2397000.0,2402000.0,2407000.0,2413000.0,2418000.0,2424000.0,2430000.0,2435000.0,2441000.0,2447000.0,2453000.0,2459000.0,2464000.0,2470000.0,2475000.0,2480000.0,2485000.0,2489000.0,2493000.0,2497000.0,2501000.0,2504000.0,2506000.0,2509000.0,2511000.0,2513000.0,2515000.0,2516000.0,2517000.0,2518000.0,2520000.0,2521000.0,2522000.0,2523000.0,2524000.0,2525000.0,2527000.0,2528000.0,2529000.0,2531000.0,2533000.0,2534000.0,2536000.0,2538000.0,2540000.0,2541000.0,2543000.0,2544000.0,2545000.0,2546000.0,2547000.0,2548000.0,2548000.0,2548000.0,2548000.0,2548000.0,2548000.0,2547000.0,2546000.0,2546000.0,2545000.0,2544000.0,2543000.0,2542000.0,2541000.0,2540000.0,2539000.0,2538000.0,2536000.0,2535000.0,2534000.0,2532000.0,2531000.0,2529000.0,2527000.0,2525000.0,2522000.0,2519000.0,2516000.0,2513000.0,2509000.0,2505000.0,2500000.0,2496000.0,2491000.0,2486000.0,2480000.0
T2,2430000.0,2430000.0,2432000.0,2434000.0,2436000.0,2437000.0,2437000.0,2437000.0,2436000.0,2434000.0,2430000.0,2426000.0,2421000.0,2414000.0,2407000.0,2400000.0,2392000.0,2384000.0,2377000.0,2371000.0,2365000.0,2360000.0,2357000.0,2356000.0,2357000.0,2359000.0,2364000.0,2371000.0,2379000.0,2390000.0,2403000.0,2417000.0,2432000.0,2449000.0,2466000.0,2483000.0,2500000.0,2517000.0,2532000.0,2546000.0,2558000.0,2568000.0,2576000.0,2581000.0,2584000.0,2585000.0,2584000.0,2581000.0,2576000.0,2569000.0,2562000.0,2553000.0,2545000.0,2536000.0,2527000.0,2519000.0,2512000.0,2506000.0,2501000.0,2497000.0,2494000.0,2493000.0,2492000.0,2492000.0,2492000.0,2493000.0,2493000.0,2493000.0,2492000.0,2489000.0,2485000.0,2478000.0,2470000.0,2460000.0,2448000.0,2434000.0,2419000.0,2402000.0,2385000.0,2368000.0,2350000.0,2334000.0,2318000.0,2305000.0,2294000.0,2285000.0,2279000.0,2275000.0,2275000.0,2278000.0,2284000.0,2293000.0,2303000.0,2316000.0,2330000.0,2345000.0,2359000.0,2374000.0,2387000.0,2399000.0,2408000.0,2415000.0,2418000.0,2418000.0,2415000.0,2408000.0,2398000.0,2385000.0,2369000.0,2351000.0,2331000.0,2310000.0,2288000.0,2265000.0,2244000.0,2223000.0,2204000.0,2187000.0,2172000.0,2159000.0,2150000.0,2143000.0,2138000.0,2136000.0,2136000.0,2138000.0,2142000.0,2146000.0,2151000.0,2156000.0,2161000.0,2165000.0,2169000.0,2171000.0,2171000.0,2170000.0,2168000.0,2164000.0,2160000.0,2154000.0,2148000.0,2142000.0,2136000.0,2131000.0,2128000.0,2126000.0,2126000.0,2128000.0,2133000.0,2141000.0,2151000.0,2165000.0,2180000.0,2198000.0,2218000.0,2240000.0,2263000.0,2287000.0,2311000.0,2335000.0,2358000.0,2379000.0,2399000.0,2417000.0,2433000.0,2446000.0,2457000.0,2465000.0,2470000.0,2474000.0,2475000.0,2474000.0,2472000.0,2469000.0,2466000.0,2463000.0,2460000.0,2458000.0,2457000.0,2458000.0,2461000.0,2466000.0,2473000.0,2482000.0,2494000.0,2507000.0,2523000.0,2540000.0,2558000.0,2578000.0,2597000.0,2618000.0,2638000.0,2657000.0,2676000.0,2693000.0,2709000.0,2724000.0,2736000.0,2747000.0,2757000.0,2764000.0,2770000.0,2775000.0,2779000.0,2782000.0,2784000.0,2786000.0,2788000.0,2791000.0,2794000.0,2797000.0,2802000.0,2807000.0,2813000.0,2820000.0,2827000.0,2835000.0,2843000.0,2851000.0,2859000.0,2866000.0,2872000.0,2877000.0,2880000.0,2881000.0,2880000.0,2876000.0,2871000.0,2862000.0,2851000.0,2838000.0,2823000.0,2805000.0,2786000.0,2765000.0,2743000.0,2721000.0,2698000.0,2675000.0,2652000.0,2631000.0,2610000.0,2591000.0,2573000.0,2557000.0,2542000.0,2529000.0,2518000.0,2508000.0,2499000.0,2491000.0,2484000.0,2477000.0,2470000.0,2463000.0,2455000.0,2447000.0,2438000.0,2427000.0,2415000.0,2402000.0,2387000.0,2371000.0,2354000.0,2336000.0,2316000.0,2296000.0,2276000.0,2255000.0,2235000.0,2215000.0,2196000.0,2177000.0,2160000.0,2145000.0,2130000.0,2117000.0,2106000.0,2096000.0,2087000.0,2079000.0,2072000.0,2065000.0,2060000.0,2054000.0,2048000.0,2042000.0,2035000.0,2028000.0,2020000.0,2011000.0,2002000.0,1992000.0,1981000.0,1970000.0,1958000.0,1947000.0,1936000.0,1925000.0,1916000.0,1907000.0,1900000.0,1895000.0,1891000.0,1888000.0,1885000.0,1882000.0,1880000.0,1879000.0,1880000.0,1884000.0,1892000.0,1902000.0,1915000.0,1929000.0,1945000.0,1962000.0,1980000.0,1997000.0,2015000.0,2032000.0,2048000.0,2064000.0,2079000.0,2094000.0,2108000.0,2121000.0,2134000.0,2147000.0,2159000.0,2171000.0,2184000.0,2197000.0,2210000.0,2224000.0,2238000.0,2253000.0,2269000.0,2285000.0,2301000.0,2318000.0,2335000.0,2352000.0,2369000.0,2385000.0,2401000.0,2417000.0,2433000.0,2448000.0,2462000.0,2476000.0,2490000.0,2503000.0,2515000.0,2527000.0,2539000.0,2550000.0,2561000.0,2571000.0,2581000.0,2590000.0,2599000.0,2609000.0,2618000.0,2627000.0,2636000.0,2646000.0,2656000.0,2666000.0,2676000.0,2687000.0,2698000.0,2710000.0,2722000.0,2734000.0,2746000.0,2758000.0,2769000.0,2781000.0,2791000.0,2801000.0,2810000.0,2818000.0,2824000.0,2829000.0,2833000.0,2835000.0,2836000.0,2835000.0,2833000.0,2829000.0,2824000.0,2818000.0,2811000.0,2803000.0,2794000.0,2784000.0,2774000.0,2763000.0,2752000.0,2740000.0,2729000.0,2717000.0,2705000.0,2692000.0,2680000.0,2668000.0,2655000.0,2642000.0,2629000.0,2616000.0,2603000.0,2590000.0,2576000.0,2562000.0,2548000.0,2534000.0,2519000.0,2504000.0,2489000.0,2474000.0,2459000.0,2443000.0,2428000.0,2413000.0,2398000.0,2383000.0,2369000.0,2355000.0,2341000.0,2329000.0,2317000.0,2306000.0,2295000.0,2285000.0,2276000.0,2267000.0,2259000.0,2251000.0,2244000.0,2237000.0,2230000.0,2223000.0,2216000.0,2209000.0,2202000.0,2194000.0,2186000.0,2177000.0,2168000.0,2159000.0,2149000.0,2139000.0,2128000.0,2118000.0,2107000.0,2097000.0,2087000.0,2077000.0,2068000.0,2059000.0,2051000.0,2044000.0,2038000.0,2033000.0,2029000.0,2027000.0,2025000.0,2024000.0,2025000.0,2026000.0,2028000.0,2032000.0,2036000.0,2040000.0,2046000.0,2052000.0,2058000.0,2065000.0,2073000.0,2080000.0,2088000.0,2097000.0,2105000.0,2115000.0,2124000.0,2134000.0,2144000.0,2155000.0,2166000.0,2178000.0,2190000.0,2203000.0,2217000.0,2231000.0,2245000.0,2260000.0,2276000.0,2292000.0,2307000.0,2323000.0,2339000.0,2355000.0,2371000.0,2386000.0,2401000.0,2415000.0,2428000.0,2441000.0,2453000.0,2465000.0,2475000.0,2485000.0,2494000.0,2503000.0,2511000.0,2519000.0,2526000.0,2533000.0,2540000.0,2547000.0,2553000.0,2560000.0,2567000.0,2574000.0,2582000.0,2589000.0,2597000.0,2605000.0,2614000.0,2622000.0,2631000.0,2640000.0,2648000.0,2657000.0,2665000.0,2673000.0,2681000.0,2689000.0,2696000.0,2702000.0,2708000.0,2714000.0,2719000.0,2723000.0,2727000.0,2731000.0,2734000.0,2736000.0,2738000.0,2739000.0,2740000.0,2740000.0,2740000.0,2739000.0,2738000.0,2736000.0,2734000.0,2731000.0,2728000.0,2725000.0,2720000.0,2716000.0,2710000.0,2704000.0,2698000.0,2690000.0,2682000.0,2674000.0,2664000.0,2654000.0,2644000.0,2632000.0,2620000.0,2608000.0,2595000.0,2582000.0,2568000.0,2554000.0,2539000.0,2525000.0,2510000.0,2496000.0,2481000.0,2467000.0,2453000.0,2439000.0,2425000.0,2412000.0,2398000.0,2386000.0,2373000.0,2361000.0,2350000.0,2338000.0,2327000.0,2317000.0,2306000.0,2296000.0,2286000.0,2276000.0,2266000.0,2256000.0,2247000.0,2237000.0,2227000.0,2218000.0,2208000.0,2198000.0,2188000.0,2178000.0,2168000.0,2158000.0,2148000.0,2139000.0,2129000.0,2120000.0,2111000.0,2102000.0,2094000.0,2086000.0,2078000.0,2071000.0,2064000.0,2058000.0,2053000.0,2048000.0,2043000.0,2039000.0,2035000.0,2032000.0,2029000.0,2027000.0,2025000.0,2024000.0,2022000.0,2021000.0,2021000.0,2021000.0,2021000.0,2021000.0,2022000.0,2024000.0,2025000.0,2028000.0,2030000.0,2034000.0,2037000.0,2042000.0,2047000.0,2053000.0,2059000.0,2066000.0,2074000.0,2083000.0,2092000.0,2101000.0,2111000.0,2122000.0,2132000.0,2144000.0,2155000.0,2166000.0,2177000.0,2189000.0,2200000.0,2211000.0,2221000.0,2232000.0,2242000.0,2252000.0,2261000.0,2271000.0,2280000.0,2288000.0,2297000.0,2305000.0,2314000.0,2322000.0,2330000.0,2338000.0,2346000.0,2355000.0,2363000.0,2372000.0,2380000.0,2389000.0,2398000.0,2407000.0,2415000.0,2424000.0,2433000.0,2441000.0,2450000.0,2458000.0,2466000.0,2474000.0,2481000.0,2488000.0,2495000.0,2502000.0,2508000.0,2514000.0,2520000.0,2525000.0,2530000.0,2536000.0,2540000.0,2545000.0,2550000.0,2555000.0,2560000.0,2564000.0,2569000.0,2573000.0,2578000.0,2582000.0,2586000.0,2590000.0,2594000.0,2598000.0,2601000.0,2603000.0,2606000.0,2607000.0,2609000.0,2609000.0,2610000.0,2609000.0,2608000.0,2607000.0,2605000.0,2602000.0,2599000.0,2595000.0,2591000.0,2586000.0,2581000.0,2576000.0,2571000.0,2565000.0,2560000.0,2554000.0,2548000.0,2542000.0,2535000.0,2529000.0,2523000.0,2517000.0,2510000.0,2504000.0,2497000.0,2491000.0,2484000.0,2478000.0,2471000.0,2464000.0,2457000.0,2450000.0,2443000.0,2436000.0,2429000.0,2422000.0,2415000.0,2408000.0,2401000.0,2394000.0,2387000.0,2381000.0,2374000.0,2368000.0,2362000.0,2356000.0,2350000.0,2345000.0,2340000.0,2335000.0,2330000.0,2326000.0,2321000.0,2317000.0,2314000.0,2310000.0,2307000.0,2303000.0,2300000.0,2297000.0,2295000.0,2292000.0,2289000.0,2287000.0,2285000.0,2283000.0,2281000.0,2279000.0,2277000.0,2276000.0,2275000.0,2273000.0
T3,1331000.0,1331000.0,1331000.0,1331000.0,1332000.0,1332000.0,1332000.0,1332000.0,1333000.0,1333000.0,1333000.0,1334000.0,1334000.0,1335000.0,1335000.0,1336000.0,1336000.0,1337000.0,1337000.0,1338000.0,1339000.0,1339000.0,1340000.0,1341000.0,1341000.0,1342000.0,1342000.0,1342000.0,1342000.0,1343000.0,1343000.0,1343000.0,1344000.0,1346000.0,1349000.0,1353000.0,1358000.0,1366000.0,1375000.0,1386000.0,1399000.0,1414000.0,1430000.0,1448000.0,1466000.0,1484000.0,1502000.0,1520000.0,1535000.0,1548000.0,1559000.0,1566000.0,1569000.0,1567000.0,1561000.0,1549000.0,1533000.0,1512000.0,1487000.0,1457000.0,1424000.0,1387000.0,1349000.0,1309000.0,1269000.0,1229000.0,1190000.0,1153000.0,1120000.0,1090000.0,1064000.0,1042000.0,1025000.0,1014000.0,1007000.0,1005000.0,1007000.0,1014000.0,1024000.0,1036000.0,1051000.0,1067000.0,1084000.0,1101000.0,1118000.0,1133000.0,1147000.0,1158000.0,1168000.0,1175000.0,1180000.0,1183000.0,1185000.0,1185000.0,1184000.0,1184000.0,1184000.0,1185000.0,1188000.0,1193000.0,1201000.0,1213000.0,1228000.0,1247000.0,1269000.0,1295000.0,1324000.0,1356000.0,1390000.0,1425000.0,1461000.0,1497000.0,1532000.0,1566000.0,1597000.0,1625000.0,1649000.0,1670000.0,1686000.0,1697000.0,1705000.0,1708000.0,1707000.0,1704000.0,1697000.0,1689000.0,1680000.0,1670000.0,1661000.0,1654000.0,1649000.0,1647000.0,1648000.0,1654000.0,1663000.0,1677000.0,1696000.0,1718000.0,1744000.0,1773000.0,1805000.0,1838000.0,1872000.0,1906000.0,1940000.0,1971000.0,1999000.0,2024000.0,2045000.0,2061000.0,2072000.0,2079000.0,2080000.0,2076000.0,2067000.0,2054000.0,2038000.0,2018000.0,1996000.0,1972000.0,1947000.0,1921000.0,1896000.0,1872000.0,1849000.0,1828000.0,1808000.0,1790000.0,1773000.0,1758000.0,1744000.0,1731000.0,1718000.0,1704000.0,1690000.0,1674000.0,1655000.0,1635000.0,1611000.0,1584000.0,1553000.0,1519000.0,1481000.0,1440000.0,1395000.0,1349000.0,1300000.0,1249000.0,1198000.0,1147000.0,1097000.0,1048000.0,1001000.0,956800.0,916200.0,879300.0,846600.0,818100.0,794100.0,774300.0,758500.0,746500.0,737800.0,731800.0,727900.0,725600.0,724000.0,722600.0,720700.0,717700.0,713100.0,706500.0,697600.0,686300.0,672400.0,656200.0,637700.0,617400.0,595600.0,572800.0,549700.0,526900.0,504900.0,484500.0,466200.0,450600.0,438100.0,429100.0,424000.0,422800.0,425700.0,432600.0,443300.0,457700.0,475400.0,495900.0,518900.0,543900.0,570200.0,597600.0,625400.0,653400.0,681200.0,708400.0,735000.0,760900.0,786100.0,810700.0,834800.0,858700.0,882100.0,904700.0,925700.0,944500.0,960600.0,974400.0,987200.0,1001000.0,1018000.0,1040000.0,1069000.0,1104000.0,1147000.0,1195000.0,1248000.0,1305000.0,1365000.0,1426000.0,1488000.0,1550000.0,1610000.0,1668000.0,1723000.0,1775000.0,1823000.0,1866000.0,1903000.0,1936000.0,1963000.0,1985000.0,2004000.0,2019000.0,2031000.0,2042000.0,2052000.0,2062000.0,2073000.0,2085000.0,2099000.0,2114000.0,2131000.0,2149000.0,2169000.0,2190000.0,2212000.0,2235000.0,2258000.0,2281000.0,2304000.0,2326000.0,2347000.0,2366000.0,2383000.0,2398000.0,2410000.0,2419000.0,2425000.0,2427000.0,2426000.0,2421000.0,2412000.0,2400000.0,2384000.0,2365000.0,2343000.0,2320000.0,2294000.0,2267000.0,2239000.0,2211000.0,2183000.0,2155000.0,2129000.0,2104000.0,2080000.0,2058000.0,2036000.0,2016000.0,1996000.0,1977000.0,1958000.0,1938000.0,1918000.0,1896000.0,1872000.0,1846000.0,1818000.0,1787000.0,1754000.0,1718000.0,1680000.0,1640000.0,1598000.0,1555000.0,1510000.0,1465000.0,1420000.0,1375000.0,1332000.0,1289000.0,1248000.0,1209000.0,1173000.0,1139000.0,1107000.0,1078000.0,1051000.0,1027000.0,1005000.0,985800.0,968000.0,951800.0,936900.0,923000.0,909800.0,897000.0,884300.0,871500.0,858300.0,844700.0,830500.0,815700.0,800400.0,784500.0,768200.0,751800.0,735400.0,719300.0,703700.0,689100.0,675600.0,663700.0,653400.0,645100.0,639000.0,635100.0,633500.0,634400.0,637500.0,642900.0,650400.0,659700.0,670600.0,683000.0,696500.0,710800.0,725600.0,740900.0,756200.0,771500.0,786600.0,801500.0,816100.0,830500.0,844700.0,858800.0,873100.0,887700.0,902900.0,918800.0,935600.0,953700.0,973200.0,994200.0,1017000.0,1041000.0,1068000.0,1096000.0,1126000.0,1158000.0,1191000.0,1226000.0,1261000.0,1298000.0,1335000.0,1372000.0,1409000.0,1446000.0,1482000.0,1518000.0,1552000.0,1585000.0,1616000.0,1645000.0,1673000.0,1699000.0,1723000.0,1745000.0,1766000.0,1786000.0,1803000.0,1820000.0,1836000.0,1851000.0,1864000.0,1877000.0,1888000.0,1897000.0,1904000.0,1909000.0,1913000.0,1916000.0,1921000.0,1926000.0,1934000.0,1944000.0,1954000.0,1965000.0,1976000.0,1986000.0,1994000.0,2001000.0,2005000.0,2007000.0,2007000.0,2005000.0,2001000.0,1995000.0,1986000.0,1976000.0,1965000.0,1952000.0,1938000.0,1923000.0,1908000.0,1893000.0,1879000.0,1865000.0,1852000.0,1841000.0,1830000.0,1821000.0,1812000.0,1804000.0,1797000.0,1789000.0,1782000.0,1773000.0,1765000.0,1755000.0,1745000.0,1734000.0,1721000.0,1707000.0,1693000.0,1677000.0,1660000.0,1641000.0,1622000.0,1601000.0,1580000.0,1557000.0,1534000.0,1510000.0,1486000.0,1461000.0,1436000.0,1412000.0,1387000.0,1363000.0,1339000.0,1316000.0,1294000.0,1273000.0,1253000.0,1234000.0,1216000.0,1199000.0,1183000.0,1168000.0,1154000.0,1141000.0,1128000.0,1115000.0,1103000.0,1090000.0,1078000.0,1065000.0,1053000.0,1040000.0,1027000.0,1015000.0,1002000.0,990400.0,978700.0,967600.0,957300.0,947800.0,939400.0,932100.0,926000.0,921200.0,917700.0,915400.0,914400.0,914500.0,915600.0,917700.0,920600.0,924200.0,928300.0,932700.0,937400.0,942200.0,946900.0,951400.0,955800.0,959900.0,963600.0,967100.0,970200.0,973000.0,975600.0,978000.0,980400.0,982900.0,985500.0,988400.0,991800.0,995800.0,1000000.0,1006000.0,1012000.0,1020000.0,1028000.0,1038000.0,1049000.0,1061000.0,1074000.0,1088000.0,1102000.0,1118000.0,1135000.0,1152000.0,1169000.0,1187000.0,1205000.0,1223000.0,1241000.0,1259000.0,1277000.0,1295000.0,1312000.0,1329000.0,1346000.0,1363000.0,1380000.0,1396000.0,1413000.0,1429000.0,1446000.0,1462000.0,1479000.0,1496000.0,1514000.0,1531000.0,1548000.0,1566000.0,1583000.0,1601000.0,1618000.0,1634000.0,1651000.0,1666000.0,1681000.0,1696000.0,1709000.0,1721000.0,1732000.0,1743000.0,1752000.0,1759000.0,1766000.0,1771000.0,1776000.0,1779000.0,1782000.0,1783000.0,1784000.0,1785000.0,1785000.0,1784000.0,1783000.0,1783000.0,1782000.0,1781000.0,1780000.0,1780000.0,1779000.0,1779000.0,1779000.0,1779000.0,1779000.0,1779000.0,1779000.0,1779000.0,1779000.0,1778000.0,1777000.0,1776000.0,1775000.0,1773000.0,1770000.0,1767000.0,1763000.0,1759000.0,1755000.0,1750000.0,1745000.0,1739000.0,1733000.0,1727000.0,1721000.0,1715000.0,1709000.0,1703000.0,1697000.0,1692000.0,1686000.0,1680000.0,1675000.0,1670000.0,1665000.0,1659000.0,1654000.0,1648000.0,1643000.0,1637000.0,1630000.0,1623000.0,1616000.0,1609000.0,1600000.0,1592000.0,1582000.0,1572000.0,1562000.0,1552000.0,1541000.0,1529000.0,1518000.0,1506000.0,1494000.0,1482000.0,1471000.0,1459000.0,1448000.0,1437000.0,1426000.0,1416000.0,1406000.0,1396000.0,1387000.0,1378000.0,1369000.0,1360000.0,1352000.0,1344000.0,1336000.0,1327000.0,1319000.0,1311000.0,1303000.0,1294000.0,1285000.0,1277000.0,1267000.0,1258000.0,1249000.0,1240000.0,1230000.0,1221000.0,1212000.0,1203000.0,1194000.0,1185000.0,1177000.0,1169000.0,1162000.0,1155000.0,1149000.0,1143000.0,1138000.0,1133000.0,1129000.0,1126000.0,1123000.0,1120000.0,1119000.0,1117000.0,1116000.0,1115000.0,1114000.0,1114000.0,1114000.0,1115000.0,1115000.0,1116000.0,1117000.0,1118000.0,1120000.0,1122000.0,1124000.0,1127000.0,1130000.0,1134000.0,1138000.0,1142000.0,1148000.0,1154000.0,1160000.0,1167000.0,1175000.0,1183000.0,1191000.0,1201000.0,1210000.0,1220000.0,1230000.0,1241000.0,1251000.0,1262000.0,1273000.0,1283000.0,1294000.0,1304000.0,1314000.0,1324000.0,1334000.0,1343000.0,1352000.0,1361000.0,1369000.0,1377000.0,1385000.0,1393000.0,1400000.0,1407000.0,1414000.0,1421000.0,1428000.0,1435000.0,1441000.0,1448000.0,1454000.0,1460000.0,1467000.0,1473000.0,1479000.0,1485000.0
